18463 -0.153846
31259 -5.20417e-17
60188 -5.20417e-17
63190 -0.25
87780 -0.136364
94121 -0.136364
97364 -0.153846
107827 -0.25
118310 -0.25
121970 -0.25
126495 -0.25
127759 -0.153846
133176 -0.136364
134639 -0.153846
143813 -0.25
149011 -0.25
161446 -0.25
165878 -0.25
172789 -0.25
180200 -0.25
183738 -0.25
190871 -0.25
197334 -0.25
199087 -0.25
204768 -0.25
216614 -0.25
222451 -0.25
232084 -0.25
234166 -0.25
238943 -0.25
245233 -0.25
247512 -0.25
276474 -0.25
282859 -0.25
289705 -0.25
290492 -0.136364
302904 -0.136364
307355 -0.25
318538 -0.136364
326131 -0.25
326723 -0.25
337735 -0.136364
343914 -5.20417e-17
357905 -0.280992
393485 -0.25
400343 -0.25
404058 -0.25
408756 -0.25
410590 -0.25
428434 -0.25
430719 -0.25
433207 -0.25
435363 -0.25
437644 -0.25
458748 -0.25
462587 -0.25
474680 -0.25
486575 -0.25
488212 -0.25
492020 -5.20417e-17
502101 -0.280992
503988 -5.20417e-17
511831 -0.25
558830 -0.153846
574911 -0.25
616806 -0.136364
633374 -0.25
637878 -0.25
680784 0.107143
693151 0.107143
702102 -0.0526316
736884 -0.25
748685 -0.25
751570 -0.25
785635 -0.136364
792564 -0.136364
794123 -0.136364
798724 -0.136364
812337 -0.136364
832473 -0.136364
839064 -0.136364
839940 -0.136364
854212 -0.136364
856720 -0.136364
858009 -0.136364
864942 -5.20417e-17
866253 -0.136364
900999 -0.136364
906031 -0.280992
908555 -0.25
918641 -0.136364
920290 -0.136364
927815 -0.25
929867 -0.280992
944914 -5.20417e-17
949609 0.107143
958073 -0.153846
962205 -0.136364
963813 -0.136364
977892 -0.153846
980800 -0.153846
995631 -0.25
996084 -0.136364
999406 -0.136364
1006084 -0.136364
1013090 -0.136364
1042696 -0.280992
1060532 -0.136364
1069688 0.107143
1071757 -0.136364
1074047 -0.136364
1075891 0.107143
1079524 -0.0526316
1088546 0.25
1116897 -0.136364
1119371 -0.280992
1132027 -0.136364
1166537 -0.136364
1179544 -0.280992
1180073 -0.136364
1199619 -0.136364
1206884 -0.136364
1222377 -0.136364
1227905 -0.136364
1234005 -0.136364
1236706 -0.136364
1237497 -0.136364
1240810 -0.280992
1245579 -0.136364
1265868 -0.136364
1267712 -0.136364
1268258 -0.136364
1293796 -0.136364
1309858 -0.136364
1328868 -0.136364
1340387 -0.136364
1341187 -0.25
1346105 -0.136364
1347767 -0.136364
1353871 -0.136364
1379873 -0.136364
1397672 -0.136364
1399741 -0.136364
1405776 -0.136364
1408743 -0.280992
1409814 -0.136364
1413377 -0.136364
1421666 -0.136364
1438251 -0.136364
1439608 -0.136364
1455149 -0.242089
1464938 -0.00515464
1510827 -0.136364
1514085 -0.136364
1519350 -0.136364
1536763 -0.136364
1546067 -0.136364
1562405 -0.280992
1599786 -0.136364
1601363 -0.280992
1602951 -0.136364
1606585 -0.226415
1607435 -0.136364
1623360 -0.136364
1624567 -0.280992
1633432 -0.136364
1635618 -0.280992
1636262 -0.136364
1637312 -0.136364
1654812 -0.136364
1706202 -0.25
1733331 -0.136364
1734406 -0.136364
1742389 -0.280992
1758719 -0.280992
1760995 -0.136364
1766819 -0.136364
1775051 -0.136364
1779921 -0.136364
1785504 -0.136364
1786775 -0.136364
1844191 -0.136364
1888851 -5.20417e-17
1953859 -0.25
1967435 -5.20417e-17
2032468 -5.20417e-17
2053039 -5.20417e-17
2054699 -0.25
2091061 -5.20417e-17
2097415 -5.20417e-17
2099066 -5.20417e-17
2101545 -5.20417e-17
2120018 -0.226415
2125807 -5.20417e-17
2127608 -5.20417e-17
2128380 -5.20417e-17
2145273 -0.25
2150982 -0.280992
2167468 -0.25
2169333 -0.25
2189248 -0.136364
2195068 -0.136364
2203021 -0.136364
2248601 -0.0526316
2266003 -0.25
2292478 -0.25
2293283 -0.25
2297984 -0.25
2307989 -0.25
2309770 -0.25
2315489 -0.25
2335685 -0.166667
2376247 -0.136364
2381596 0.107143
2383625 -0.136364
2387828 -5.20417e-17
2390147 -5.20417e-17
2396141 -0.25
2424873 -5.20417e-17
2441873 -5.20417e-17
2454394 -5.20417e-17
2461099 -5.20417e-17
2487304 -5.20417e-17
2506453 -5.20417e-17
2511675 -0.25
2512494 -0.25
2524246 -0.25
2554466 -0.25
2556204 -0.25
2621904 -0.25
2631081 -0.25
2671785 -0.136364
2677409 0.25
2698313 -5.20417e-17
2706441 -5.20417e-17
2727799 0.25
2732196 0.25
2733151 0.25
2743432 0.25
2745646 0.25
2749726 -0.25
2752938 0.25
2760325 0.4
2762916 0.25
2773816 0.25
2775595 0.166667
2781065 0.25
2823075 0.25
2823510 0.0625
2828879 0.25
2839426 0.107143
2842241 0.25
2843851 0.107143
2845540 0.393939
2875855 0.25
2888237 0.25
2889643 0.25
2895779 0.166667
2914078 0.25
2949189 0.0625
2950174 0.25
2964214 0.25
2969081 -1.12757e-16
2971585 0.0625
2978631 0.25
2980192 0.25
2980968 0.25
2983694 0.393939
2985431 0.0625
2989048 -1.12757e-16
3003475 0.0625
3007902 -5.20417e-17
3021394 -5.20417e-17
3027906 -5.20417e-17
3069028 -5.20417e-17
3078033 -5.20417e-17
3083553 -5.20417e-17
3104771 -5.20417e-17
3129176 0.107143
3131272 0.107143
3138546 0.107143
3146531 0.107143
3155132 0.411765
3159859 0.411765
3165094 0.411765
3176220 0.411765
3179159 0.411765
3181216 0.411765
3198315 0.274194
3215512 0.107143
3217090 0.107143
3230818 0.107143
3234723 -0.0526316
3257380 0.107143
3259864 -0.0526316
3262421 4.16334e-17
3288050 0.107143
3301952 -0.0526316
3315546 0.107143
3321565 -5.20417e-17
3324328 0.107143
3373730 0.107143
3383283 0.107143
3385974 0.107143
3386781 0.107143
3391173 0.107143
3391599 0.107143
3395467 -0.0526316
3402721 0.107143
3404587 0.107143
3406392 0.107143
3408151 0.107143
3409734 0.107143
3419679 0.107143
3422450 -0.136364
3424074 0.107143
3550371 -0.25
3551311 -0.25
3558399 -0.25
3561843 -0.25
3584908 -0.25
3593342 -0.25
3596583 -0.25
3669384 -0.264368
3849110 -0.136364
3959134 -0.136364
3974002 -0.25
3974725 -0.25
3976281 -0.25
3977509 -0.25
3979185 -0.25
3981255 -0.25
3988998 -5.20417e-17
4001197 -0.25
4008418 -0.153846
4017648 -0.25
4018724 -5.20417e-17
4031021 -0.153846
4036537 -0.136364
4150354 0.25
4151528 0.25
4154504 0.25
4713158 -0.153846
4830371 -0.136364
4839133 -0.136364
4848487 -0.0989011
4883898 -0.136364
4902569 -0.136364
4927568 -0.136364
4947751 -0.136364
4962991 -0.136364
4969713 -0.136364
4982541 -0.226415
4983319 -0.136364
5000937 -0.136364
5008366 -0.195652
5010750 -0.136364
5011802 -0.195652
5486355 -5.20417e-17
6052289 -0.153846
6068921 -5.20417e-17
6073192 -5.20417e-17
6103287 -5.20417e-17
6126743 -5.20417e-17
6128405 -5.20417e-17
6132445 -5.20417e-17
6144309 -5.20417e-17
6146808 -5.20417e-17
6151909 -5.20417e-17
6155579 -5.20417e-17
6163124 -5.20417e-17
6173470 -5.20417e-17
6176422 -5.20417e-17
6177013 -5.20417e-17
6179109 -5.20417e-17
6179600 -5.20417e-17
6180847 -5.20417e-17
6205295 -5.20417e-17
6209094 -5.20417e-17
6211457 -5.20417e-17
6215142 -5.20417e-17
6224858 -0.25
6225556 -0.25
6235000 -0.25
6239476 -0.25
6252874 -0.25
6297258 -0.25
6304963 -0.25
6309346 -0.25
6312421 -0.25
6324308 -0.25
6325998 -0.25
6354109 -0.25
6355999 -0.25
6371370 -5.20417e-17
6377093 -0.25
6381435 -0.25
6399874 -0.25
6403856 -0.25
6409533 -0.25
6417162 -0.25
6436749 -0.25
6442223 -0.25
6449595 -0.25
6478153 -0.136364
6478752 -0.136364
6497552 -0.136364
6772514 -0.280992
6882818 -5.20417e-17
6885126 -5.20417e-17
6896151 -5.20417e-17
6918054 -5.20417e-17
6930000 -5.20417e-17
6931210 -5.20417e-17
6939153 -5.20417e-17
6955986 -5.20417e-17
6971475 -5.20417e-17
6975778 -5.20417e-17
6981189 -5.20417e-17
6981708 -5.20417e-17
6985758 -5.20417e-17
6990269 -5.20417e-17
6999850 -5.20417e-17
7008714 -5.20417e-17
7078699 -5.20417e-17
7079371 -5.20417e-17
7080179 -5.20417e-17
7082204 -5.20417e-17
7086993 -5.20417e-17
7121432 -5.20417e-17
7350134 -5.20417e-17
7354385 -5.20417e-17
7355333 -5.20417e-17
7364450 -5.20417e-17
7413611 -0.0260116
7623089 0.25
7624136 0.25
7629474 0.25
7694987 -5.20417e-17
7747056 -5.20417e-17
7775113 -5.20417e-17
7776562 -5.20417e-17
7777625 -5.20417e-17
7778132 -5.20417e-17
7807908 -5.20417e-17
7829045 -5.20417e-17
7887718 -5.20417e-17
7892347 -5.20417e-17
7893592 0.25
7936940 0.25
7938360 0.25
7958842 -5.20417e-17
7959768 0.25
7970254 -5.20417e-17
7980959 0.25
7982092 -5.20417e-17
7986423 0.25
7987575 0.25
7992996 -5.20417e-17
8000312 -5.20417e-17
8007422 -5.20417e-17
8009692 0.25
8014063 0.25
8017769 -5.20417e-17
8020248 0.25
8020748 -5.20417e-17
8093732 -5.20417e-17
8103588 -5.20417e-17
8107448 -5.20417e-17
8113476 -5.20417e-17
8156855 -5.20417e-17
8161694 -5.20417e-17
8166384 -5.20417e-17
8207305 -5.20417e-17
8209148 -5.20417e-17
8225116 -5.20417e-17
8234448 -5.20417e-17
8240849 -5.20417e-17
8256118 -5.20417e-17
8260386 -5.20417e-17
8260840 -5.20417e-17
8270088 -5.20417e-17
8302055 -5.20417e-17
8367816 -5.20417e-17
8373158 -5.20417e-17
8419012 -5.20417e-17
8428330 -5.20417e-17
8430904 0.25
8432148 0.25
8438452 0.25
8452793 0.25
8453261 0.25
8468135 -5.20417e-17
8468710 0.25
8488892 -5.20417e-17
8505012 -5.20417e-17
8665811 -5.20417e-17
8880389 0.25
8910223 -5.20417e-17
8915965 -5.20417e-17
8925704 -5.20417e-17
8942274 -5.20417e-17
8943318 -5.20417e-17
8945837 -5.20417e-17
8957106 -5.20417e-17
9006661 -5.20417e-17
9016498 -5.20417e-17
9024143 -5.20417e-17
9033912 -5.20417e-17
9059057 -5.20417e-17
9083493 -5.20417e-17
9149774 -0.2
9189112 -0.264368
9209526 -0.153846
9229120 -0.153846
9550774 -0.136364
9700891 0.25
9804254 -0.25
9834450 -0.2
9883350 0.047619
9914175 0.194631
9972984 -0.153846
10072931 0.452055
10211118 0.5
10267518 0.310345
10286163 0.5
10317057 0.5
10445762 0.25
11006736 -0.2
11063984 -0.264368
11119667 -0.153846
11157215 -0.264368
11252007 -0.25
11351830 0.5
11381359 0.452055
11400705 0.5
11422339 0.452055
11448388 0.5
11486070 0.310345
11604556 -5.20417e-17
11658435 -5.20417e-17
11867391 -5.20417e-17
12295387 -0.153846
12706240 0.107143
12756876 0.107143
13084714 -0.136364
13333110 -0.136364
13355514 -0.136364
13421597 -0.136364
13561314 -0.25
13616643 -0.136364
13727970 -0.195652
14306367 -0.136364
14363182 -0.25
14384675 -0.136364
14427748 -0.136364
14469226 -0.136364
14506815 -0.136364
14551122 -0.136364
14573995 -0.136364
14656644 -0.136364
14775930 -0.136364
14859071 -0.136364
14907933 -0.136364
14953030 -0.226415
15087917 -0.136364
15150550 -0.136364
15189210 -0.136364
15257982 -0.136364
15372722 -0.136364
15431665 -0.136364
15469715 -0.136364
15496511 -0.136364
15521347 -0.136364
15555227 -0.136364
15576005 -0.136364
15618816 -0.136364
15655070 -0.136364
15752714 -0.136364
15845521 -0.136364
15895016 -0.136364
15926036 -0.136364
15955306 -0.136364
15983526 -0.136364
16097160 -0.136364
16136216 -0.136364
16178360 -0.136364
16262520 -0.136364
16406857 -0.136364
16531302 -0.136364
16569422 -0.136364
16631246 -0.136364
16756597 -0.136364
16877513 -0.226415
16973014 -0.197917
17016453 -0.136364
17037496 -0.136364
17060918 -0.136364
17122701 -0.136364
17224153 -0.136364
17261385 -0.136364
17288836 -0.136364
17321546 -0.195652
17392627 -0.136364
17594304 -0.136364
17662053 -0.136364
17673815 -0.136364
17733019 -0.136364
17820807 -0.136364
17834169 -0.136364
17872201 -0.136364
17897651 -0.136364
17974996 -0.136364
18006695 -0.136364
18028431 -0.136364
18207955 -0.136364
18345820 -0.136364
18364222 -0.136364
18399147 -0.136364
18501416 -0.136364
18582403 -0.25
18631271 -0.136364
20410513 -0.136364
20474981 -0.25
20523955 -0.136364
20568054 -5.20417e-17
20760088 -0.25
20842936 -5.20417e-17
20967868 -5.20417e-17
21054117 -5.20417e-17
21104336 -5.20417e-17
21131709 -5.20417e-17
21177984 -5.20417e-17
21473682 -5.20417e-17
21504204 -5.20417e-17
21581127 -5.20417e-17
21673448 -0.0185185
21777894 -5.20417e-17
21804576 -5.20417e-17
21894147 -5.20417e-17
21936772 -5.20417e-17
22040646 -0.136364
23109987 -5.20417e-17
23180723 -5.20417e-17
23243627 -5.20417e-17
23299437 -5.20417e-17
23963890 -0.25
24052700 -5.20417e-17
24192882 -5.20417e-17
24756302 -5.20417e-17
24816903 -5.20417e-17
24880498 -5.20417e-17
24964714 -5.20417e-17
25780791 -5.20417e-17
26008368 -5.20417e-17
26563176 -0.156417
26784294 -5.20417e-17
27005764 -5.20417e-17
27122287 -0.25
28136735 -0.25
28405569 -5.20417e-17
28847105 -5.20417e-17
28888233 -5.20417e-17
28934906 -5.20417e-17
29004230 -5.20417e-17
29509738 -5.20417e-17
30124090 -5.20417e-17
30310366 -0.25
30699105 -5.20417e-17
31386284 -5.20417e-17
31406297 -5.20417e-17
31585334 -0.25
31607169 -5.20417e-17
31745916 -5.20417e-17
32019939 -5.20417e-17
32034132 -5.20417e-17
32089082 -5.20417e-17
32109565 -5.20417e-17
32264206 -0.153846
32291391 -5.20417e-17
32315017 -5.20417e-17
32321093 -5.20417e-17
32403359 -5.20417e-17
32431915 -5.20417e-17
32434240 -5.20417e-17
32451361 -5.20417e-17
32462822 -5.20417e-17
32474524 -5.20417e-17
32495160 -5.20417e-17
32539490 -5.20417e-17
32615859 -5.20417e-17
32688407 -5.20417e-17
32690982 -5.20417e-17
32720024 -5.20417e-17
32724294 -5.20417e-17
32727465 -5.20417e-17
32728942 -5.20417e-17
32742544 -5.20417e-17
32749599 -5.20417e-17
32767836 -5.20417e-17
32776811 -5.20417e-17
32788705 -5.20417e-17
32811161 -5.20417e-17
32812019 -5.20417e-17
32823747 -5.20417e-17
32843205 -5.20417e-17
32849823 -5.20417e-17
32899266 -5.20417e-17
32959004 -5.20417e-17
32979868 -5.20417e-17
33002665 -0.25
33006718 -0.25
33010514 -0.264368
33050354 -0.25
33067511 -0.264368
33206754 -5.20417e-17
33212914 -5.20417e-17
33216359 -0.153846
33235900 -0.25
33247638 -0.136364
33253310 -5.20417e-17
33255375 -5.20417e-17
33256854 -5.20417e-17
33258197 -5.20417e-17
33281538 -1.12757e-16
33307374 -5.20417e-17
33307928 -5.20417e-17
33330608 -5.20417e-17
33372646 -0.197917
33382733 -5.20417e-17
33391549 -5.20417e-17
33395024 -5.20417e-17
33398675 -5.20417e-17
33409056 -5.20417e-17
33434168 -5.20417e-17
33452420 -5.20417e-17
33479176 -0.179775
33493819 -0.25
33496297 -0.25
33511769 -0.25
33526996 -0.25
33529890 -0.25
33535249 -0.25
33550385 -0.25
33613570 -0.136364
33614133 -0.136364
33616569 -0.264368
33637803 -0.25
33745390 -0.153846
33772111 -0.153846
33776738 -0.153846
33817859 -0.153846
33831544 -0.153846
33853312 -0.153846
34025102 -5.20417e-17
34026880 -5.20417e-17
34048394 -5.20417e-17
34063256 -5.20417e-17
34076695 -5.20417e-17
34085441 -5.20417e-17
34098282 -5.20417e-17
34128348 -5.20417e-17
34138794 -5.20417e-17
34161888 -0.0526316
34167968 -5.20417e-17
34178221 -0.136364
34179410 -5.20417e-17
34180605 -5.20417e-17
34184311 -5.20417e-17
34187459 -5.20417e-17
34188228 -5.20417e-17
34197120 -5.20417e-17
34206668 -5.20417e-17
34213475 -5.20417e-17
34239079 -5.20417e-17
34249636 0.25
34250868 0.25
34261816 -5.20417e-17
34312594 -5.20417e-17
34325576 -5.20417e-17
34330967 -5.20417e-17
34341718 -0.153846
34365847 -5.20417e-17
34366727 4.16334e-17
34368424 -0.0526316
34373853 0.107143
34374788 0.107143
34382741 -0.25
34383436 0.107143
34389440 0.107143
34392405 0.107143
34395318 0.107143
34398915 0.107143
34405845 -0.153846
34420830 -0.25
34438799 -5.20417e-17
34452917 -0.153846
34454743 -0.0795455
34480040 0.25
34489617 0.25
34490243 0.25
34496284 0.25
34521007 -5.20417e-17
34522956 -5.20417e-17
34535889 -5.20417e-17
34552951 0.25
34562440 -0.264368
34575641 -0.153846
34576127 -0.0526316
34580948 -0.153846
34601864 -0.0526316
34613538 0.107143
34623277 -0.153846
34624063 -0.153846
34624826 -0.264368
34648962 -5.20417e-17
34681038 -0.25
34690322 -0.25
34691617 -0.25
34710107 -5.20417e-17
34713533 -5.20417e-17
34718187 0.25
34720740 0.25
34737210 0.25
34739995 0.25
34756687 -5.20417e-17
34760529 -5.20417e-17
34835208 -5.20417e-17
34856705 -5.20417e-17
34858016 -5.20417e-17
34866915 -5.20417e-17
34874156 -5.20417e-17
34882999 -5.20417e-17
34896325 -5.20417e-17
34897302 -0.105769
34900919 0.411765
34904656 0.107143
34907033 0.107143
34908660 0.107143
34910131 0.107143
34910570 0.107143
34919674 0.107143
34928101 0.107143
34934356 0.150295
34935860 0.107143
34941924 0.107143
34945621 0.107143
34953570 0.107143
34954966 -5.20417e-17
34985009 0.314159
34988553 -5.20417e-17
34991651 -5.20417e-17
34993747 0.107143
34995616 -5.20417e-17
34996747 -5.20417e-17
35005133 0.107143
35006876 0.107143
35011442 0.151786
35024007 0.107143
35032491 -0.00515464
35046674 -5.20417e-17
35054818 -5.20417e-17
35057154 0.411765
35057937 0.314159
35063146 0.411765
35065764 -0.00515464
35068504 0.411765
35074933 0.151786
35076710 0.411765
35078375 0.314159
35086789 0.411765
35167918 0.642857
35273930 0.194631
35286134 0.25
35292743 0.25
35302959 0.25
35313678 0.107143
35377525 0.25
35414158 -5.20417e-17
35417260 -5.20417e-17
35428275 -5.20417e-17
35429338 0.452055
35436373 -5.20417e-17
35484798 0.25
35493683 -5.20417e-17
35494896 -5.20417e-17
35499606 -5.20417e-17
35517745 0.25
35531777 -5.20417e-17
35532614 0.047619
35534208 0.25
35535131 -5.20417e-17
35559975 -5.20417e-17
35573006 -5.20417e-17
35595382 -5.20417e-17
35600329 -0.25
35601408 -0.25
35635065 -5.20417e-17
35636860 -5.20417e-17
35692649 -5.20417e-17
35757077 -5.20417e-17
35785862 -5.20417e-17
35804732 -5.20417e-17
35815076 -5.20417e-17
35850035 -0.25
35865617 -0.25
35868638 -0.25
35873634 -0.25
35892733 -0.264368
35894375 -0.153846
35903648 -5.20417e-17
35906191 -5.20417e-17
35946078 -0.136364
35951057 -0.153846
35968410 -0.136364
35972765 -5.20417e-17
35973619 -5.20417e-17
35989537 -5.20417e-17
35992900 -0.0795455
36005619 -5.20417e-17
36006544 -5.20417e-17
36008241 -5.20417e-17
36020498 -5.20417e-17
36037339 -5.20417e-17
36055920 -5.20417e-17
36116789 -5.20417e-17
36117903 -5.20417e-17
36119359 -5.20417e-17
36185445 -5.20417e-17
36207711 -5.20417e-17
36230431 -5.20417e-17
36245661 -0.25
36246178 -0.25
36276681 -0.136364
36302021 -0.2
36308899 -0.264368
36329226 -5.20417e-17
36338240 -0.136364
36343625 -0.25
36376356 -0.25
36380791 -0.136364
36383679 -0.25
36388059 -0.136364
36392280 0.25
36394205 0.107143
36397149 -0.0185185
36411279 -0.0526316
36411952 -0.166667
36414849 -0.136364
36444348 -0.136364
36452567 -0.136364
36456461 -0.136364
36465953 -0.136364
36473361 -0.136364
36476731 -0.136364
36514234 -5.20417e-17
36514665 -5.20417e-17
36516224 -5.20417e-17
36530315 -0.136364
36616414 -0.25
36656366 -0.25
36736475 -0.136364
36795606 -0.136364
36916909 0.25
36929304 0.25
36938766 0.25
36991996 -5.20417e-17
37031186 -5.20417e-17
37077192 -5.20417e-17
37092076 -5.20417e-17
37132147 -0.25
37167684 -0.25
37183963 -0.25
37199719 -0.25
37655070 0.107143
37662189 0.107143
37673640 -0.0185185
37675644 0.107143
37682479 0.107143
37686746 0.107143
37687188 0.107143
37688185 0.107143
37691771 0.5
37715595 -5.20417e-17
37732563 -5.20417e-17
37739660 -5.20417e-17
37755954 0.107143
37757311 0.107143
37774430 -0.153846
37778872 -0.153846
37780450 -0.264368
37782324 -0.153846
37792010 -0.153846
37942902 0.107143
37944468 0.107143
37967374 0.107143
37967855 0.107143
37979275 0.107143
37986035 0.107143
37993941 0.411765
37999963 0.274194
38013822 0.107143
38023615 0.107143
38031967 0.107143
38033264 0.107143
38038479 0.274194
38040866 0.411765
38049740 0.411765
38052974 0.274194
38057821 0.411765
38097469 0.107143
38107947 0.107143
38109645 -0.0185185
38115115 0.107143
38120380 0.107143
38121162 0.107143
38157565 0.107143
38157998 0.107143
38161783 0.107143
38180473 0.107143
38183619 0.107143
38314956 0.107143
38319250 0.107143
38473746 -0.25
38533167 -5.20417e-17
38535842 -5.20417e-17
38541905 -5.20417e-17
38552678 -0.25
38680709 -0.153846
38684467 0.107143
38706855 -5.20417e-17
38711814 -0.2
38713725 -0.153846
38720456 0.107143
38727641 0.107143
38765089 -0.25
38782388 -0.25
38798071 -0.25
38815769 -0.25
38863132 0.107143
38907553 -5.20417e-17
38927086 0.107143
38955976 0.107143
38970900 -0.0185185
38972952 0.107143
38979969 0.107143
39000500 0.107143
39002079 0.107143
39008082 -0.153846
39017494 -0.25
39039506 0.107143
39074655 0.107143
39075741 0.107143
39115304 0.411765
39119087 0.107143
39131542 -0.0185185
39134543 -0.153846
39136100 -5.20417e-17
39140635 0.107143
39154817 0.107143
39215085 0.107143
39232189 0.107143
39264743 -0.25
39336735 -0.166667
39353431 -0.153846
39362891 -0.153846
39385435 -5.20417e-17
39395983 -0.153846
39400458 0.107143
39423587 0.107143
39427191 0.107143
39433016 -0.0526316
39441479 -0.25
39466532 0.25
39468290 0.194631
39529984 -0.136364
39531663 -0.136364
39555733 0.25
39582264 -0.136364
39596048 -0.153846
39605154 -0.153846
39606151 -0.153846
39608584 -0.153846
39610851 -0.153846
39628194 -0.153846
39648422 -0.136364
39674853 -0.136364
39677471 -0.0526316
39680734 4.16334e-17
39681547 -0.136364
39740802 -0.153846
39747700 -0.153846
39748127 8.32667e-17
39760450 -0.153846
39871294 -0.153846
39876909 -0.153846
39899704 -0.153846
39904673 -0.153846
39905431 -0.153846
39917797 -0.153846
39927930 -0.153846
39940668 -0.153846
39945370 -0.153846
39946378 -0.153846
39952603 -0.153846
39961324 -0.153846
39966693 -0.153846
39968348 -0.153846
40011028 -0.153846
40077424 -0.153846
