10780 -5.20417e-17
21882 -5.20417e-17
76100 -5.20417e-17
89859 -5.20417e-17
110703 -5.20417e-17
116991 -5.20417e-17
164024 -5.20417e-17
187727 -5.20417e-17
188822 -5.20417e-17
189365 -5.20417e-17
207284 0.0625
209957 -5.20417e-17
213077 -5.20417e-17
223363 -5.20417e-17
270252 -5.20417e-17
275303 -5.20417e-17
276332 -5.20417e-17
296165 -5.20417e-17
299837 -5.20417e-17
338177 -5.20417e-17
339795 -5.20417e-17
341700 -5.20417e-17
365496 -0.25
401196 -0.25
523453 -5.20417e-17
616501 -5.20417e-17
705177 -5.20417e-17
706087 -5.20417e-17
828695 -5.20417e-17
916278 -5.20417e-17
921706 -5.20417e-17
929456 -5.20417e-17
930673 -5.20417e-17
964301 -5.20417e-17
976812 -5.20417e-17
1003811 -5.20417e-17
1022198 -5.20417e-17
1023394 -5.20417e-17
1030760 -5.20417e-17
1036416 -5.20417e-17
1038635 -5.20417e-17
1039755 -5.20417e-17
1047086 -5.20417e-17
1072928 -5.20417e-17
1172091 -5.20417e-17
1263795 -5.20417e-17
1382552 -5.20417e-17
1393163 -5.20417e-17
1459922 -5.20417e-17
1480254 -0.184211
1482783 -0.25
1498387 -0.25
1522807 -0.25
1530689 -0.0526316
1531343 -0.20675
1542603 -0.136364
1543054 -0.25
1561983 -0.136364
1567648 -0.136364
1573892 -5.20417e-17
1575712 -1.12757e-16
1581876 -0.25
1586094 -0.0526316
1600336 -5.20417e-17
1600729 -5.20417e-17
1606515 -5.20417e-17
1606922 -5.20417e-17
1608342 0.107143
1627680 -0.0526316
1662641 -0.153846
1671853 -0.0526316
1674365 -5.20417e-17
1677025 -0.0526316
1679431 -5.20417e-17
1698451 -0.0526316
1698972 -5.20417e-17
1699353 -0.0526316
1701948 -5.20417e-17
1719833 -5.20417e-17
1890207 0.25
1894297 0.25
1903082 0.25
1956903 -0.153846
1992508 -5.20417e-17
2012882 -5.20417e-17
2074513 -5.20417e-17
2076591 -5.20417e-17
2084981 -5.20417e-17
2090361 -5.20417e-17
2136197 -5.20417e-17
2146315 -5.20417e-17
2148616 -5.20417e-17
2230040 -5.20417e-17
2238425 -5.20417e-17
2239027 -5.20417e-17
2248117 -0.25
2253077 -5.20417e-17
2270722 -0.153846
2276223 -5.20417e-17
2285669 -5.20417e-17
2296252 -0.153846
2321496 -0.153846
2325889 -0.25
2332436 -5.20417e-17
2334087 -0.25
2368145 -0.25
2385207 -5.20417e-17
2390145 -0.226415
2399209 -5.20417e-17
2419128 0.25
2445007 -5.20417e-17
2451253 -0.25
2453125 -0.25
2490576 -0.25
2490861 -0.25
2527815 -5.20417e-17
2546171 -0.0526316
2550813 -0.0526316
2591570 -5.20417e-17
2597485 -5.20417e-17
2648797 -0.171875
2657482 -5.20417e-17
2659397 -0.0526316
2662830 -0.0526316
2684902 -0.0526316
2691984 -5.20417e-17
2697544 -0.0185185
2699011 -0.00515464
2699499 -0.153846
2715832 -0.00515464
2731388 4.16334e-17
2742385 -5.20417e-17
2743063 -0.0526316
2750464 -5.20417e-17
2764877 -5.20417e-17
2766834 0.047619
2773953 -5.20417e-17
2789429 0.25
2806535 -5.20417e-17
2817083 0.5
2821209 -5.20417e-17
2826275 0.25
2831038 -5.20417e-17
2834741 -5.20417e-17
2836780 -0.20675
2840845 0.047619
2847274 0.5
2878339 0.5
2885578 -5.20417e-17
2886957 -5.20417e-17
2912545 -5.20417e-17
2917171 -5.20417e-17
2920275 0.25
2921540 -5.20417e-17
2922864 0.25
2924705 -5.20417e-17
2928277 -5.20417e-17
2936489 -5.20417e-17
2945450 0.107143
2981706 0.107143
3024083 0.25
3025859 -0.25
3029987 0.25
3057808 -0.350482
3060736 0.047619
3069410 -0.136364
3073975 -0.136364
3089992 0.047619
3190951 0.047619
3191666 0.047619
3193723 0.047619
3194490 0.047619
3220386 0.047619
3226857 0.047619
3253282 -5.20417e-17
3257741 -5.20417e-17
3276732 -5.20417e-17
3285126 -5.20417e-17
3346652 -5.20417e-17
3384270 0.25
3388885 -5.20417e-17
3400937 0.25
3411814 0.25
3417471 -5.20417e-17
3435100 -5.20417e-17
3453314 4.16334e-17
3474358 -0.153846
3506948 -0.0526316
3526450 -0.0526316
3526785 0.047619
3531306 -5.20417e-17
3540319 0.047619
3541231 0.310345
3557131 0.047619
3572185 0.310345
3598580 0.047619
3626902 -5.20417e-17
3628119 -5.20417e-17
3654531 0.047619
3674629 -5.20417e-17
3693812 -0.136364
3705948 -0.195652
3710095 -0.136364
3846546 -0.136364
3857527 -0.136364
3882158 -0.226415
3882514 -0.195652
3886434 -0.226415
3886740 -0.136364
3898532 -0.136364
3899657 -0.25
3901046 -0.25
3901667 -0.280992
3902540 -0.136364
3913711 -0.136364
3913977 -5.20417e-17
3916161 -5.20417e-17
3923782 -0.136364
3924815 -0.136364
3925643 -0.195652
3925916 -0.195652
3932825 -0.280992
3952554 -0.242089
3968849 -0.195652
3979850 -0.195652
3980100 -0.226415
4012211 4.16334e-17
4014199 -0.25
4021337 -5.20417e-17
4023720 -0.226415
4028472 -0.195652
4028835 -0.226415
4033344 -0.226415
4038007 -0.195652
4038861 -0.195652
4043920 -0.195652
4045312 -0.195652
4052703 -0.25
4056355 -0.195652
4065051 -0.136364
4079853 -0.195652
4093294 -0.195652
4097243 -0.195652
4110889 0.25
4117535 -0.136364
4120139 -0.0185185
4129335 -0.136364
4147680 -0.195652
4162226 -0.195652
4173757 -0.195652
4189128 -0.195652
4190265 -0.226415
4192060 -0.195652
4223061 -0.195652
4224531 -0.226415
4234910 -0.195652
4238827 -0.153846
4247298 -0.195652
4251564 -0.0526316
4260367 -0.136364
4276705 -0.195652
4295402 -0.195652
4303003 0.107143
4325084 -0.195652
4334781 -5.20417e-17
4353967 -5.20417e-17
4376046 -5.20417e-17
4376815 -0.0185185
4395087 -5.20417e-17
4396420 -5.20417e-17
4401072 -0.136364
4433515 0.25
4435566 -0.226415
4436205 -0.195652
4436751 -0.195652
4439586 -0.0185185
4440038 -5.20417e-17
4474732 0.25
4492742 -5.20417e-17
4508490 -5.20417e-17
4533772 -5.20417e-17
4542299 -5.20417e-17
4544739 -5.20417e-17
4545552 4.16334e-17
4546845 4.16334e-17
4547616 4.16334e-17
4561460 -5.20417e-17
4564539 4.16334e-17
4568349 -5.20417e-17
4568711 -5.20417e-17
4569243 -0.0526316
4570100 -0.136364
4570467 -5.20417e-17
4584776 -0.2
4592145 -5.20417e-17
4593035 4.16334e-17
4598145 -5.20417e-17
4621640 -5.20417e-17
4625079 4.16334e-17
4625757 -5.20417e-17
4626925 -0.2
4630541 -5.20417e-17
4633624 -5.20417e-17
4643206 4.16334e-17
4644778 -0.264368
4651201 -0.264368
4655396 4.16334e-17
4680204 4.16334e-17
4684451 -0.2
4685288 4.16334e-17
4687011 -0.2
4734223 -5.20417e-17
4735320 -0.264368
4739387 -0.2
4758016 4.16334e-17
4763821 -0.0526316
4765809 4.16334e-17
4766269 -0.2
4789104 -5.20417e-17
4794720 -0.25
4825298 -5.20417e-17
4833274 -0.0526316
4836296 -5.20417e-17
4909089 -0.136364
4911207 4.16334e-17
4911476 -0.195652
4911842 -0.195652
4918640 -0.136364
4935364 0
4938527 -0.184211
4939330 -0.184211
4944986 -0.264368
4946341 -0.136364
4948649 -0.184211
4982933 -0.184211
4988130 -0.264368
4988832 -0.280992
4989132 -0.2
4991089 -0.264368
5020685 4.16334e-17
5044988 -0.195652
5046058 -0.136364
5048574 -5.20417e-17
5057292 -0.184211
5062595 -0.2
5072513 4.16334e-17
5073460 -5.20417e-17
5074022 -5.20417e-17
5102457 -0.0185185
5110455 -5.20417e-17
5114352 -0.0185185
5116062 0.274194
5119264 0.274194
5119799 -5.20417e-17
5132513 -5.20417e-17
5132942 0.274194
5137986 -5.20417e-17
5147181 -5.20417e-17
5161795 4.16334e-17
5164713 -5.20417e-17
5189210 -0.2
5191691 -5.20417e-17
5197746 -0.0185185
5201902 -5.20417e-17
5229058 -0.136364
5230516 -5.20417e-17
5317658 -0.264368
5324652 -0.184211
5332985 0.107143
5334552 -0.2
5342077 -0.264368
5351744 -0.2
5358542 -0.184211
5366082 0.166667
5424024 -0.25
5436558 -0.15
5436902 0.047619
5439034 -0.0526316
5439985 -5.20417e-17
5441175 -0.25
5445289 -5.20417e-17
5446788 -0.25
5487671 -0.136364
5493816 -5.20417e-17
5495368 -0.136364
5507476 -0.136364
5509486 -0.136364
5541405 -0.25
5569766 -0.25
5579548 -0.25
5580862 -5.20417e-17
5588824 -5.20417e-17
5592554 -0.136364
5594643 -5.20417e-17
5608211 -0.25
5781593 -0.25
5781962 -0.25
5803910 -0.25
5808402 -0.25
5860673 -0.25
5866528 -0.25
5871139 -0.25
5896274 -5.20417e-17
5900302 -0.25
5907424 -0.25
5917113 -0.25
6160752 0.25
6196008 0.25
6220803 -0.153846
6227511 -0.2
6228377 -0.2
6241759 -5.20417e-17
6244411 -5.20417e-17
6255652 -0.2
6273853 -0.2
6280977 -0.264368
6397304 0.25
6406004 -0.2
6418487 -0.153846
6419239 -0.2
6437520 0.172164
6438305 4.16334e-17
6472874 -0.2
6477767 -0.264368
6487877 -0.264368
6518892 -0.153846
6522180 -0.264368
6550908 -5.20417e-17
6551692 -5.20417e-17
6555033 -5.20417e-17
6556380 -5.20417e-17
6600506 -0.264368
6628167 -0.2
6652651 -0.254603
6655121 -0.2
6700374 -0.2
7111255 0.25
7407751 -0.136364
7684035 -0.25
7686987 -0.25
7732215 -0.25
7784196 0.25
7828935 0.25
7842226 0.25
7842944 0.25
7843241 0.25
7844297 0.25
7845454 0.25
7852221 0.25
7883839 -0.25
9092840 -5.20417e-17
9099317 -0.136364
9111834 -5.20417e-17
9143618 -5.20417e-17
9145329 -5.20417e-17
9174949 -5.20417e-17
9235088 -5.20417e-17
9269970 -5.20417e-17
9318578 -5.20417e-17
9324461 -5.20417e-17
9325164 -5.20417e-17
9325584 -5.20417e-17
9383106 -5.20417e-17
9388518 -5.20417e-17
9391907 -5.20417e-17
9399523 -5.20417e-17
9399801 -5.20417e-17
9400206 -5.20417e-17
9416817 -5.20417e-17
9442095 -5.20417e-17
9585408 0.5
9641347 -0.25
9759641 -0.25
10197783 -0.25
10258715 -0.25
10352834 -0.25
10447697 -0.25
10486248 -0.25
10636441 -0.25
10753508 -0.25
10827061 -0.25
10974672 -0.25
11105532 -0.25
11152520 -0.25
11184510 -0.25
11269047 -0.25
11312385 -0.25
11374260 -0.25
11401781 -0.136364
11512933 -0.226415
11591286 -0.195652
11710604 -0.136364
11740144 -0.136364
11765076 -0.136364
11811143 -0.226415
11879673 -0.226415
11933896 -0.136364
12026922 -0.136364
12076383 -0.136364
12143793 -0.136364
12194335 -0.136364
12272454 0.107143
12328610 0.107143
12348849 0.107143
12375860 0.107143
12425641 0.314159
12482843 0.107143
12516041 0.107143
12605440 0.314159
12640931 -0.136364
12677900 0.411765
12723006 0.107143
12784084 -0.136364
12809798 -0.136364
12836546 0.107143
12996308 0.107143
13058507 0.107143
13086072 0.107143
13130616 0.411765
13188785 0.411765
13222376 0.642857
13268965 0.75
13313466 0.75
13342712 -0.136364
13371564 0.75
13429782 0.75
13489700 -0.136364
13532314 -0.136364
13629716 0.5
13689436 0.393939
13717862 0.5
13786244 0.5
13820762 0.5
13870722 0.5
13928887 -0.136364
14760459 0.5
14776605 0.5
14902529 -0.226415
15015727 -0.136364
15102891 0.5
15183242 0.5
15309204 0.5
15353695 -5.20417e-17
15481484 -0.226415
15538335 -0.136364
15565862 -0.136364
15657233 0.5
15687654 0.5
15710469 -0.136364
16226372 0.393939
16266354 0.5
16425425 -0.136364
16563027 -0.136364
16596834 0.5
16647993 0.5
16676057 -0.136364
16707334 0.4
16832856 0.5
16864395 0.622642
16916120 -0.136364
16966443 0.5
17009551 -5.20417e-17
17040176 0.5
17075688 0.107143
17107529 0.5
17377372 -0.136364
17476912 -0.25
17614227 -0.136364
17707184 0.4
17800042 0.5
17838373 0.5
17891436 -0.136364
17936265 0.5
17988376 0.5
18052466 -0.136364
18142000 0.5
18330639 -0.136364
18353670 0.5
18416447 -0.136364
18440411 -0.136364
18472615 0.5
19107944 -0.136364
19359213 -0.136364
19444244 -0.136364
19477000 -0.136364
19540307 -0.226415
19716708 0.5
19926656 0.5
20019409 0.5
20139480 -0.136364
20201829 -0.136364
20212444 0.5
20251816 0.5
20275514 0.5
20315341 -0.136364
20380713 0.393939
20534250 -0.0526316
20564850 -0.136364
20583453 0.4
20616994 -0.136364
20683436 -0.136364
20766458 -0.136364
20822155 -0.136364
20923667 0.5
20968108 -0.136364
21010092 -0.136364
21036666 -0.136364
21165280 0.5
21280789 -0.136364
21320010 -0.136364
21365504 0.5
21403560 -0.226415
21487994 0.5
21521080 -0.136364
21586075 0.5
21620420 -0.136364
21672042 -0.136364
21697784 -0.136364
21743547 -0.136364
21845895 0.5
22036597 0.5
22505497 -0.25
22582742 -5.20417e-17
22635532 0.5
22704627 0.5
22781064 -0.25
22821516 -0.2
22873926 -0.25
23000472 -0.136364
23105329 -0.136364
23187294 -0.136364
23270277 -0.136364
23351854 -0.136364
23376136 -0.136364
23413973 -0.136364
23448353 -0.226415
23474444 -0.136364
23563798 -0.136364
23618875 -0.136364
23660098 0.75
23703898 -0.136364
23736836 0.75
23771086 0.75
23938914 0.642857
23965786 0.75
24068077 -0.25
24170335 -0.136364
24210488 -0.136364
24238712 0.5
24280420 0.107143
24330128 -0.136364
24409856 0.5
24446676 0.5
24472241 -0.136364
24497707 -0.136364
24529319 -0.226415
24555088 -0.136364
24590972 -0.136364
24630400 -0.136364
24656587 -0.226415
24752755 -0.136364
24788452 -0.136364
24845866 0.5
24891084 -0.136364
24932672 -0.226415
25043952 -0.136364
25128234 -0.195652
25190062 -0.136364
25351396 -0.136364
25400222 -0.136364
25429299 -0.136364
25468807 -0.195652
25491410 -0.226415
25523940 -0.136364
25583039 -0.136364
25654805 -0.136364
25704370 -0.136364
25759014 -0.136364
25805858 -0.136364
25844929 -0.136364
25888310 -0.226415
26076948 -0.136364
26108477 -0.136364
26165754 -0.136364
26266748 -0.136364
26334236 -0.136364
26409033 -0.136364
26432851 -0.226415
26558562 -0.136364
26583080 -0.226415
26611130 -0.136364
26687067 -0.136364
26719030 -0.136364
26753587 -0.2
26882080 -0.136364
27210113 -0.136364
27268852 -0.195652
27306556 -0.136364
27405267 -0.136364
27452774 -0.136364
27476233 -0.136364
27510719 -0.136364
27553364 -0.136364
27615021 -0.136364
27771555 -0.136364
27806863 -0.136364
28033307 -0.136364
28057689 -0.136364
28087162 -0.136364
28117215 -0.136364
28170558 -0.25
28268384 -0.136364
28349819 -0.195652
28400267 -0.136364
28440546 -0.136364
28486411 -0.136364
28621076 -0.136364
28678459 -0.136364
28799876 -0.136364
28941456 -0.136364
29102821 -0.136364
29224901 -0.136364
29414288 -0.226415
29466273 -5.20417e-17
29534855 -5.20417e-17
29566332 -5.20417e-17
29821848 -5.20417e-17
29893504 -5.20417e-17
29919679 -5.20417e-17
29945595 -5.20417e-17
29991545 -5.20417e-17
30078629 -5.20417e-17
30185686 -5.20417e-17
30414650 -5.20417e-17
30451572 -5.20417e-17
30494646 -5.20417e-17
30534436 -5.20417e-17
30598600 -5.20417e-17
30625686 -5.20417e-17
30650683 -5.20417e-17
30696847 -5.20417e-17
30792232 -5.20417e-17
30831897 -5.20417e-17
32989667 0.5
33640748 0.5
33752433 0.5
35024662 -5.20417e-17
35325979 -5.20417e-17
35521790 -5.20417e-17
35683393 -0.136364
35711331 -0.136364
35951586 -5.20417e-17
36080727 -0.136364
36241146 -0.136364
36316095 -0.136364
36529952 -5.20417e-17
36656636 -0.136364
36681036 -5.20417e-17
36714641 -0.136364
36801387 -5.20417e-17
36801502 -0.136364
36801952 -0.136364
36804130 -0.136364
36805612 -5.20417e-17
36806840 -5.20417e-17
36816335 -0.136364
36825078 -5.20417e-17
36827156 -5.20417e-17
36827593 -5.20417e-17
36835460 -5.20417e-17
36836121 -5.20417e-17
36841189 -5.20417e-17
36946395 -5.20417e-17
36961077 -5.20417e-17
36974968 -5.20417e-17
36975906 -5.20417e-17
37040181 -5.20417e-17
37161455 -5.20417e-17
37161738 -5.20417e-17
37165139 -5.20417e-17
37178646 -0.25
37188800 -0.2
37189572 -0.280992
37198638 -0.25
37209734 -0.136364
37224415 -0.0795455
37224752 -0.136364
37225067 -5.20417e-17
37225428 4.16334e-17
37226209 0.150295
37227416 4.16334e-17
37227693 4.16334e-17
37228590 4.16334e-17
37229282 0.150295
37229632 -5.20417e-17
37231179 4.16334e-17
37231883 -5.20417e-17
37232740 4.16334e-17
37232989 4.16334e-17
37234034 -0.136364
37251501 4.16334e-17
37252624 -0.2
37265606 4.16334e-17
37276878 4.16334e-17
37288018 0.150295
37290413 4.16334e-17
37315320 4.16334e-17
37400637 -1.12757e-16
37405074 -1.12757e-16
37414782 -1.12757e-16
37420700 -1.12757e-16
37422574 -1.12757e-16
37447888 -1.12757e-16
37449050 -1.12757e-16
37462508 -1.12757e-16
37465091 -1.12757e-16
37479386 -1.12757e-16
37487079 -1.12757e-16
37490820 -0.153846
37491207 -0.153846
37494795 -0.153846
37502189 -0.153846
37502435 -0.153846
37504921 -0.153846
37546748 -1.12757e-16
37549884 -1.12757e-16
37553071 -1.12757e-16
37583666 -0.153846
37593834 -0.153846
37596706 -5.20417e-17
37599386 -0.153846
37601131 -0.153846
37610562 -0.153846
37612648 -0.153846
37614757 -5.20417e-17
37615468 -0.153846
37624240 -0.153846
37624958 -0.153846
37625366 -0.153846
37627342 -0.153846
37629282 -0.153846
37631956 -0.153846
37632616 -0.153846
37637715 -0.0526316
37640695 -0.153846
37651763 -0.0526316
37681910 -1.12757e-16
37695630 -1.12757e-16
37812908 -5.20417e-17
37824499 -5.20417e-17
37856848 -5.20417e-17
37857981 -5.20417e-17
37916823 -5.20417e-17
37995354 -0.264368
38011707 0.047619
38012242 0.194631
38043956 -5.20417e-17
38142567 -5.20417e-17
38245544 -5.20417e-17
38276663 -5.20417e-17
38285041 -5.20417e-17
38286143 -5.20417e-17
38286609 -5.20417e-17
38287179 -5.20417e-17
38301886 -5.20417e-17
38373007 -1.12757e-16
38435654 -5.20417e-17
38437346 -5.20417e-17
38438970 -5.20417e-17
38441616 -5.20417e-17
38443688 -5.20417e-17
38451248 -5.20417e-17
38550767 -0.195652
38553575 -0.184211
38639954 -0.0185185
38647561 -0.226415
38681890 0.25
38682405 -5.20417e-17
38735710 0.314159
38753114 0.314159
38771833 -0.0185185
38783657 0.107143
38868473 0.411765
38913199 -0.226415
38954329 -0.254603
39017342 -5.20417e-17
39037501 -0.00515464
39068035 0.411765
39071763 0.314159
39083995 0.0277778
39115393 0.107143
39142024 0.107143
39147121 0.107143
39201088 -1.12757e-16
39209324 -5.20417e-17
39222395 -1.12757e-16
39226049 -1.12757e-16
39226969 -1.12757e-16
39227865 -1.12757e-16
39228637 -1.12757e-16
39229239 -5.20417e-17
39229574 -1.12757e-16
39230059 -5.20417e-17
39250548 -1.12757e-16
39268867 -1.12757e-16
39288636 0.705882
39299840 0.705882
39310253 -1.12757e-16
39328836 0.642857
39337171 -0.0260116
39341285 -0.0260116
39349765 -1.12757e-16
39360774 0.274194
39370751 0.411765
39380100 -1.12757e-16
39381094 -1.12757e-16
39384888 -1.12757e-16
39391183 0.411765
39394730 -1.12757e-16
39396233 -1.12757e-16
39397411 -1.12757e-16
39397963 0.314159
39398840 -1.12757e-16
39399079 0.411765
39399551 -1.12757e-16
39400453 -1.12757e-16
39405544 -1.12757e-16
39406062 -1.12757e-16
39413588 -1.12757e-16
39418423 -1.12757e-16
39438613 -1.12757e-16
39439054 -1.12757e-16
39448713 0.411765
39456010 0.274194
39456403 -1.12757e-16
39477555 -1.12757e-16
39477907 0.411765
39478220 0.75
39478994 0.411765
39488836 -0.0526316
39489859 -1.12757e-16
39500426 0.314159
39521125 0.274194
39527687 -5.20417e-17
39534982 0.314159
39543852 0.274194
39608897 -5.20417e-17
39643489 -5.20417e-17
39666999 0.4
39670594 0.4
39682612 0.4
39687502 4.16334e-17
39709662 0.4
39714825 4.16334e-17
39716038 -0.184211
39747348 -0.264368
39748728 4.16334e-17
39752838 4.16334e-17
39879456 -0.153846
39904244 -0.0526316
39906756 0.166667
39910286 -0.0526316
39911607 -0.0526316
39915580 -0.153846
39920827 -0.0526316
39921927 -0.153846
39922308 -0.153846
39933110 -0.0526316
39936094 -0.0526316
39940154 -0.153846
39950947 -0.0526316
39954863 -0.153846
39971727 -0.0526316
39980233 -5.20417e-17
39990408 -0.0526316
39992994 -0.0526316
40057951 -0.25
40061118 -0.25
40070025 -0.25
40070767 -5.20417e-17
40072429 -5.20417e-17
40102160 -5.20417e-17
40109495 -0.280992
40126875 -5.20417e-17
40131818 -0.25
40133281 -0.25
40151553 -5.20417e-17
40181095 -5.20417e-17
40187057 -0.153846
40190931 -0.153846
40222693 -1.12757e-16
40226579 -0.153846
40257891 -5.20417e-17
40291293 -0.25
40299114 -0.153846
40302735 -0.153846
40306458 -0.153846
40311285 -1.12757e-16
40320942 -0.153846
40329105 -0.153846
40334741 -1.12757e-16
40335035 -0.153846
40335997 -1.12757e-16
40337744 -5.20417e-17
40339599 -0.153846
40341746 -0.0526316
40343360 -0.153846
40345530 -0.0526316
40375896 -1.12757e-16
40383200 -1.12757e-16
40384719 -0.0526316
40465273 -5.20417e-17
40490610 -0.153846
40497068 -0.153846
40500934 -1.12757e-16
40511188 -1.12757e-16
40511693 -1.12757e-16
40512291 -0.2
40514030 -1.12757e-16
40514459 -1.12757e-16
40530804 -0.2
40546498 -5.20417e-17
40574050 -1.12757e-16
40581832 -0.153846
40588938 4.16334e-17
40598285 -1.12757e-16
40610171 -0.136364
40616894 4.16334e-17
40636624 -0.0526316
40649350 0.107143
40769008 0.107143
40782402 0.107143
40793025 0.107143
40840570 -0.0989011
40841593 0.107143
40909864 0.107143
41180154 0.107143
41226209 0.107143
41579041 0.107143
41647416 -0.153846
41649823 -5.20417e-17
41819538 -0.153846
41929339 -0.25
41951222 -0.25
41961990 -0.25
41970495 -0.2
41985166 -0.25
42000403 -0.25
42034070 -5.20417e-17
42043833 -0.25
42092673 -0.105769
42123502 -0.264368
42159901 -0.25
42166065 -0.25
42167623 -0.25
42522750 -0.25
42767621 -1.12757e-16
42814074 -0.25
42827138 -0.25
42827743 -0.25
42844054 -0.264368
42849892 -0.25
42861060 -0.25
42960689 -0.153846
42986781 -0.25
43016403 -0.25
43019361 -0.25
43022839 -0.25
43025522 -0.25
43066009 -0.153846
43085593 -0.25
43086980 -0.25
43107608 -5.20417e-17
43131019 -0.00515464
43183435 -1.12757e-16
43186362 -1.12757e-16
43479482 -0.153846
43489645 -0.153846
43491159 -0.153846
43497508 -0.153846
43498504 -0.153846
43505845 -0.153846
43517944 -0.153846
43528058 -0.153846
43528561 -0.153846
43530047 -0.153846
43572854 -0.153846
43591420 -0.153846
43599560 -0.153846
43686636 -0.153846
43757485 -0.25
43780076 -0.136364
44276339 -5.20417e-17
44402011 -5.20417e-17
44404066 -5.20417e-17
44420445 -5.20417e-17
44445036 -5.20417e-17
44920131 -0.25
45112770 -0.25
45130979 -0.25
45134540 -0.25
45136609 -0.25
45141190 -0.25
45152633 -0.25
45157692 -0.25
45222008 -0.153846
45629506 -0.25
45712473 -0.25
45722273 -0.25
45826997 -5.20417e-17
45903960 -5.20417e-17
45910757 -5.20417e-17
46241807 -5.20417e-17
46434446 -0.136364
46455250 -0.136364
46461410 -0.136364
46498104 -0.136364
46499778 -0.136364
46500710 -0.136364
46502294 -0.136364
46561984 -0.136364
46578049 -5.20417e-17
46578379 -5.20417e-17
46580047 -0.136364
46583307 -0.136364
46592147 -0.136364
46599379 -0.136364
46628106 -5.20417e-17
46639345 -5.20417e-17
46661148 -0.280992
46665590 -0.136364
46671183 -0.136364
46688879 -0.136364
46693602 -1.12757e-16
46697769 -0.136364
46704894 -5.20417e-17
46706154 -5.20417e-17
46707696 -5.20417e-17
46729110 -0.136364
46729408 -0.136364
46730455 -0.136364
46746196 -0.136364
46747178 -0.136364
46748612 -0.136364
46750307 -0.136364
46839076 -0.136364
46903764 -0.25
46920760 -0.25
46966044 -0.136364
46971360 -0.136364
47006032 -5.20417e-17
47060476 -0.0526316
47062012 -5.20417e-17
47099455 -0.25
47178732 -0.25
47194294 -0.25
47223116 -5.20417e-17
47243566 -0.25
47247970 -0.25
47258556 -0.25
47344233 -0.184211
47384837 -0.136364
47466431 -0.136364
47485080 -0.136364
47716772 -5.20417e-17
47752102 -1.12757e-16
47861061 0.25
47871389 0.25
47873231 0.25
47881732 0.25
47890027 0.25
47891909 0.25
47895539 0.393939
47973308 0.393939
48012886 0.107143
48127921 0.107143
48129479 0.5
48147731 0.107143
48148996 0.107143
48152278 0.107143
48166185 0.107143
48166465 0.5
48170699 0.274194
48180877 0.107143
48181565 0.107143
48189259 0.5
48212318 0.107143
48213954 0.107143
48252164 -0.153846
48326125 -0.153846
48329149 -0.153846
48345795 -0.153846
48349369 -0.153846
48351337 -1.12757e-16
48351782 -0.153846
48370461 -5.20417e-17
48402259 -5.20417e-17
48425151 0.393939
48429086 0.5
48430322 0.5
48435065 0.5
48454528 0.393939
48460266 0.5
48471532 0.5
48511359 0.4
48542327 0.107143
48545296 0.4
48551531 0.393939
48560007 0.5
48580025 0.5
48590007 0.5
48598316 0.5
48664102 0.107143
48687947 0.5
48688583 0.5
48689540 0.5
48707094 0.107143
48838356 0.107143
48860704 0.5
48876841 0.107143
48913458 0.107143
48923228 0.5
48926597 0.107143
48926841 0.107143
48927641 0.314159
48929116 0.107143
48929857 0.107143
48938162 0.393939
48962855 0.107143
48966569 0.107143
48968211 0.107143
48969110 0.107143
48978400 0.393939
48982645 0.5
48986466 0.107143
48991906 0.5
48994000 0.5
49014603 0.107143
49016448 0.107143
49018688 0.5
49022659 0.5
49024097 0.107143
49024409 0.107143
49026292 0.5
49031281 0.107143
49035061 0.393939
49047141 0.5
49048668 0.5
49181823 0.5
49213637 0.274194
49215250 0.107143
49223186 0.107143
49225517 0.107143
49230341 0.107143
49237067 0.107143
49240500 0.107143
49257566 0.274194
49267592 0.107143
49291592 0.107143
49292067 0.107143
49294665 0.274194
49296381 0.107143
49298262 0.107143
49321099 0.314159
49325502 0.107143
49329299 0.107143
49334419 0.107143
49350235 0.107143
49364447 0.107143
49365910 0.107143
49366501 0.107143
49452722 0.107143
49468760 0.107143
49474277 0.107143
49477331 0.107143
49489600 0.107143
49498219 0.107143
49498595 0.274194
49516422 4.16334e-17
49524447 0.107143
49529425 0.314159
49538851 0.107143
49567806 0.107143
49568136 0.274194
49574902 0.107143
49577005 0.107143
49584976 0.314159
49619522 0.107143
49634631 0.107143
49636186 0.314159
49655824 0.107143
49659918 -0.0526316
49660530 0.107143
49660856 0.107143
49661949 0.107143
49685779 0.107143
50044631 -0.136364
50156350 -0.136364
50160203 -0.136364
50162966 -0.136364
50165708 -0.136364
50166949 -0.136364
50181424 0.107143
50186326 -0.136364
50190895 -0.136364
50196330 -0.136364
50227775 -0.136364
50234870 -0.136364
50257636 -0.153846
50272654 -0.153846
50286357 -0.153846
50290213 -0.153846
50290782 -0.153846
50294827 -0.153846
50300250 -0.153846
50309062 -0.153846
50331359 -0.25
50352250 -0.153846
50364853 -0.153846
50381582 -0.153846
50442406 -0.153846
50450778 -0.153846
50462248 -0.153846
50469218 -0.153846
50470789 -0.153846
50475876 -0.153846
50549933 -0.153846
50556531 -0.153846
50559821 -0.153846
50562912 0.107143
50564648 0.107143
50570148 0.107143
50592953 0.0625
50604971 -5.20417e-17
50625252 -5.20417e-17
50645820 -5.20417e-17
50663683 -5.20417e-17
50671052 0.0625
50685322 -5.20417e-17
50692840 -5.20417e-17
50770281 -0.136364
50833977 -0.136364
50868012 -0.136364
50883639 -0.136364
50971160 -0.25
50992413 -0.25
51067457 -0.25
51087914 -0.25
51423178 -0.136364
51447518 -0.136364
51455506 -0.136364
51501283 -0.136364
