34329 -5.20417e-17
52957 -0.153846
108346 -5.20417e-17
174608 0.107143
177534 0.107143
179420 -5.20417e-17
180451 0.107143
267267 0.107143
269621 0.107143
381236 0.411765
386234 0.411765
434936 -5.20417e-17
471094 0.411765
492092 0.411765
500471 0.411765
514053 0.411765
546020 0.75
558345 0.411765
579512 0.411765
580135 0.411765
614979 0.411765
627370 0.411765
672269 0.411765
674202 0.411765
756729 0.411765
860428 0.107143
874471 0.107143
881144 -0.25
883539 -0.25
906418 -0.25
922646 -0.25
939665 -0.25
950947 -0.25
975170 -0.25
975886 -0.25
985249 -5.20417e-17
1055898 -0.195652
1057190 -0.25
1163245 -5.20417e-17
1179945 -5.20417e-17
1182336 -5.20417e-17
1184156 -5.20417e-17
1185435 -5.20417e-17
1186213 -5.20417e-17
1282223 -5.20417e-17
1284563 -5.20417e-17
1285242 -5.20417e-17
1287144 -5.20417e-17
1289196 -5.20417e-17
1289889 -5.20417e-17
1292552 -5.20417e-17
1301915 -5.20417e-17
1306546 -5.20417e-17
1333269 -5.20417e-17
1340191 -5.20417e-17
1340993 -5.20417e-17
1343277 -5.20417e-17
1368196 -5.20417e-17
1370347 -5.20417e-17
1432212 -5.20417e-17
1456217 -5.20417e-17
1461956 -5.20417e-17
1497230 -5.20417e-17
1523923 -5.20417e-17
1527212 -5.20417e-17
1530364 -5.20417e-17
1533297 -5.20417e-17
1546451 -5.20417e-17
1546986 -5.20417e-17
1555073 -5.20417e-17
1587017 -5.20417e-17
1592112 -5.20417e-17
1855442 0.107143
1985708 -5.20417e-17
1992807 -5.20417e-17
1994703 -5.20417e-17
1995913 -5.20417e-17
1997318 -5.20417e-17
2000024 -5.20417e-17
2000568 -5.20417e-17
2003331 -5.20417e-17
2019409 -5.20417e-17
2026457 -5.20417e-17
2028660 -5.20417e-17
2029388 -5.20417e-17
2030502 -5.20417e-17
2031491 -5.20417e-17
2033586 -5.20417e-17
2047488 -5.20417e-17
2048273 -5.20417e-17
2051574 -5.20417e-17
2052556 -5.20417e-17
2053148 -5.20417e-17
2070686 -5.20417e-17
2097000 -0.153846
2110076 -0.25
2114304 -0.0526316
2129422 -0.25
2136465 -0.25
2150969 -0.153846
2267266 -5.20417e-17
2370841 -0.0526316
2392193 -5.20417e-17
2405229 -5.20417e-17
2418392 -5.20417e-17
2462591 -1.12757e-16
2541070 -5.20417e-17
2576672 -0.136364
2579374 -0.136364
2668917 -0.25
2669733 -0.25
2673538 -0.25
2676562 -0.25
2901793 -0.25
2904653 -0.25
2916347 -0.25
2921633 -0.25
2937788 -0.25
2938598 -0.25
2960221 -0.25
2966669 -0.25
2978526 -0.25
3016624 -0.25
3022199 -0.25
3028444 -0.25
3030561 -0.25
3030986 -0.25
3031484 -0.25
3074506 -0.25
3097913 -0.25
3105287 -0.25
3112752 -0.25
3180152 -0.136364
3193205 -0.136364
3216333 -5.20417e-17
3273565 -0.25
3274996 -0.136364
3360873 -5.20417e-17
3373202 -5.20417e-17
3374023 -5.20417e-17
3374702 -5.20417e-17
3375480 -5.20417e-17
3375979 -5.20417e-17
3376543 -5.20417e-17
3377050 -5.20417e-17
3413200 -5.20417e-17
3415217 -5.20417e-17
3415790 -5.20417e-17
3447202 0.194631
3469801 -5.20417e-17
3476855 -0.264368
3489366 -0.25
3498043 -0.136364
3767894 -0.25
3773793 -0.25
3788771 -5.20417e-17
3807639 -5.20417e-17
3810489 -5.20417e-17
3812061 -5.20417e-17
3892059 -5.20417e-17
3913942 -0.25
3956495 -5.20417e-17
3964241 -5.20417e-17
3968587 -5.20417e-17
4026013 -5.20417e-17
4053926 -5.20417e-17
4080508 -5.20417e-17
4103741 -5.20417e-17
4188598 -0.25
4229000 -5.20417e-17
4233954 -5.20417e-17
4248385 -5.20417e-17
4251571 -5.20417e-17
4263812 -5.20417e-17
4267209 -5.20417e-17
4270086 -5.20417e-17
4280956 -0.25
4308872 -0.25
4352390 -0.25
4391560 -5.20417e-17
4521473 -5.20417e-17
4552108 -5.20417e-17
4684139 -5.20417e-17
4687070 -5.20417e-17
4694815 -5.20417e-17
4720927 -5.20417e-17
4734611 -5.20417e-17
4748940 -5.20417e-17
4766586 -5.20417e-17
4846599 -5.20417e-17
4871545 -5.20417e-17
4873501 -5.20417e-17
4899488 -0.25
5144386 -5.20417e-17
5149450 -5.20417e-17
5182596 -5.20417e-17
5192456 -5.20417e-17
5211780 -5.20417e-17
5223535 -5.20417e-17
5229783 -5.20417e-17
5251007 -5.20417e-17
5267562 -5.20417e-17
5329767 -5.20417e-17
5545984 -5.20417e-17
5554845 -5.20417e-17
5567885 -5.20417e-17
5569817 -5.20417e-17
5984150 -5.20417e-17
6543928 -5.20417e-17
6798433 -5.20417e-17
6800326 -5.20417e-17
6801326 -5.20417e-17
6870057 -5.20417e-17
6948870 -5.20417e-17
6949482 -5.20417e-17
6950202 -5.20417e-17
6951062 -5.20417e-17
6952281 -5.20417e-17
6954344 -5.20417e-17
6967007 -5.20417e-17
6971515 -5.20417e-17
6989536 -5.20417e-17
6998981 -5.20417e-17
7002219 -5.20417e-17
7013751 -5.20417e-17
7014963 -5.20417e-17
7019642 -5.20417e-17
7021198 -5.20417e-17
7037120 -5.20417e-17
7109474 -5.20417e-17
7140885 -5.20417e-17
7165716 -5.20417e-17
7171276 -5.20417e-17
7196332 -5.20417e-17
7203976 -5.20417e-17
7231928 -5.20417e-17
7261034 -1.12757e-16
7263694 -5.20417e-17
7293089 -5.20417e-17
7299349 -1.12757e-16
7300346 -5.20417e-17
7301523 -5.20417e-17
7302324 -5.20417e-17
7305826 -5.20417e-17
7318272 -5.20417e-17
7322454 -5.20417e-17
7327835 0.0625
7347743 -5.20417e-17
7348227 -0.25
7358532 -0.136364
7363821 -0.136364
7379912 -0.136364
7386630 -0.136364
7444518 -0.136364
7449533 -0.136364
7456716 -0.136364
7462741 -0.136364
7464797 -0.136364
7500363 -0.136364
7502575 -0.136364
7718007 -0.136364
7804246 -0.136364
8020866 -0.136364
8026256 -0.136364
8026694 -0.136364
8028726 -0.136364
8031294 -0.136364
8044887 -0.136364
8054518 -0.136364
8056121 -0.136364
8056741 -0.136364
8060083 -0.136364
8062664 -0.136364
8076553 -0.136364
8083675 -0.136364
8101998 -0.136364
8107104 -0.136364
8115198 -0.136364
8122358 -0.136364
8139563 -0.136364
8140192 -0.136364
8144366 0.25
8144985 0.25
8145794 -0.136364
8150091 -0.136364
8158573 -0.136364
8176723 0.25
8188784 -5.20417e-17
8204114 0.25
8205221 0.25
8206920 0.25
8211041 -5.20417e-17
8224298 -5.20417e-17
8227790 -5.20417e-17
8234772 -5.20417e-17
8246931 -5.20417e-17
8250953 -0.0526316
8257667 -0.136364
8270134 -5.20417e-17
8293114 -0.136364
8345858 -0.25
8349473 -0.25
8355769 -0.25
8357057 -0.25
8358469 -0.25
8361108 -0.25
8387234 -0.25
8395258 -0.280992
8395877 -0.136364
8396851 -0.280992
8397348 -0.136364
8400563 -0.0526316
8420994 -0.153846
8435266 -0.25
8436529 -0.25
8439506 -0.136364
8441241 -0.25
8443391 -0.136364
8448946 -0.136364
8457056 -0.136364
8468527 -0.226415
8476550 -0.136364
8478718 -0.136364
8479659 -0.136364
8485591 -0.136364
8500704 -0.153846
8503391 -0.136364
8505630 -0.153846
8520049 -0.25
8522772 -0.25
8547553 -0.25
8558219 -0.25
8559170 -5.20417e-17
8561899 -0.25
8562683 -0.25
8576484 -0.25
8577162 -0.25
8595796 -0.25
8597113 -0.25
8598155 -0.25
8604401 -0.25
8614339 -0.25
8618345 -0.25
8636335 -0.25
8641333 -0.25
8647203 -0.25
8656561 -0.25
8662767 -0.25
8666724 -0.25
8669181 -0.25
8714444 -0.25
8716622 -0.25
8734638 -0.153846
8751198 -0.25
8811315 -0.25
8890942 -5.20417e-17
8961955 -5.20417e-17
8990048 -5.20417e-17
9015675 -5.20417e-17
9041555 -5.20417e-17
9163458 0.107143
9414179 -5.20417e-17
9482329 -0.153846
9566881 -5.20417e-17
9611078 0.107143
9721125 -5.20417e-17
9794947 -0.136364
9901886 -0.25
9962881 -5.20417e-17
10002348 -0.25
10103113 -5.20417e-17
10176989 -5.20417e-17
10204289 -0.136364
10245884 -5.20417e-17
10289340 -0.136364
10433663 -5.20417e-17
10456518 -0.136364
10535210 -5.20417e-17
10617375 -5.20417e-17
10848568 -5.20417e-17
10879584 0.107143
10961485 -5.20417e-17
10990984 -5.20417e-17
11021138 0.107143
11065565 0.107143
11351212 -0.136364
11419846 -0.136364
11493202 0.107143
11518209 -5.20417e-17
11579105 -0.136364
11644578 -5.20417e-17
11778570 -0.153846
11844214 -0.136364
11872773 -5.20417e-17
11921663 0.107143
11976991 -5.20417e-17
12005697 -0.136364
12206573 -0.136364
12235419 -5.20417e-17
12299911 -5.20417e-17
12332699 -0.136364
12459929 -5.20417e-17
12514173 -0.136364
12537015 -0.136364
12566777 -0.136364
12606536 -0.153846
12651935 -0.195652
12693861 -0.136364
12718140 -0.136364
12743269 -5.20417e-17
12874336 -5.20417e-17
12897731 -0.153846
12984503 -0.25
13025751 -5.20417e-17
13081096 -5.20417e-17
13123006 -0.25
13197034 -5.20417e-17
13297760 -5.20417e-17
13322123 -5.20417e-17
13386530 -5.20417e-17
13410747 -0.136364
13445311 -5.20417e-17
13477568 -5.20417e-17
13584792 -5.20417e-17
13632992 -5.20417e-17
13704631 -5.20417e-17
13728176 -5.20417e-17
13777200 -0.136364
13821720 -0.136364
13845571 -5.20417e-17
13876403 -5.20417e-17
13906291 -5.20417e-17
13948573 -5.20417e-17
14004851 -5.20417e-17
14041443 -5.20417e-17
14067480 -5.20417e-17
14137048 -5.20417e-17
14497704 4.16334e-17
14525660 -5.20417e-17
14577121 -5.20417e-17
14625738 -5.20417e-17
14680391 -5.20417e-17
14767154 -0.153846
14802542 -0.136364
15019854 0.0625
15127547 -5.20417e-17
15197917 -5.20417e-17
15235298 -5.20417e-17
15291228 -5.20417e-17
15354579 -5.20417e-17
15508540 -5.20417e-17
15560361 -5.20417e-17
15634342 -5.20417e-17
15701137 -0.136364
15810818 -5.20417e-17
15860766 -5.20417e-17
15921093 -0.136364
15989286 -5.20417e-17
16125889 -5.20417e-17
16248108 0
16288325 -0.136364
16349681 -5.20417e-17
16376777 -5.20417e-17
16428023 -5.20417e-17
16468412 -0.136364
16508886 -5.20417e-17
16561122 -5.20417e-17
16617233 -0.136364
16882461 -5.20417e-17
17144473 -0.136364
17300436 -0.136364
17330968 -0.136364
17375480 -5.20417e-17
17445582 -0.136364
17479167 -0.136364
17508663 -5.20417e-17
17600167 -5.20417e-17
17676043 -5.20417e-17
17774331 -5.20417e-17
17809792 0
17858577 -0.136364
17883169 -0.136364
17967897 -5.20417e-17
18115219 -5.20417e-17
18184701 -0.136364
18341588 -0.136364
18377813 -5.20417e-17
18401109 -0.136364
18693080 -0.136364
18782154 -5.20417e-17
18881673 -0.136364
18922265 -0.136364
18949537 0
18986820 -0.136364
19011193 -0.136364
19036726 -0.136364
19068561 -0.136364
19100841 -0.136364
19172344 -0.136364
19236776 -0.136364
19263185 -5.20417e-17
19286879 -0.136364
19342268 -5.20417e-17
19434545 -5.20417e-17
19483576 -0.136364
19572780 -0.136364
19667278 -0.136364
19698656 -0.136364
19797195 -0.136364
19821269 -0.136364
19870250 -0.136364
19902638 -0.136364
19931048 -5.20417e-17
20018907 -0.136364
20050747 -5.20417e-17
20098074 -0.136364
20152897 -0.136364
20232929 4.16334e-17
20598752 0
20708211 -5.20417e-17
20820162 -5.20417e-17
20856530 -0.280992
20875571 -5.20417e-17
20997553 -5.20417e-17
21020076 -5.20417e-17
21053779 -5.20417e-17
21149071 -5.20417e-17
21243160 -5.20417e-17
21303873 0.0625
21352541 -5.20417e-17
21393353 -5.20417e-17
21549900 -0.136364
21599532 -0.136364
21643893 -5.20417e-17
21687136 -0.136364
22118551 -5.20417e-17
22178580 -0.136364
22230013 -0.136364
22254721 -5.20417e-17
22308339 -5.20417e-17
22338482 -0.136364
22385497 -5.20417e-17
22447887 -5.20417e-17
22483199 -5.20417e-17
22530032 -0.136364
22744990 -5.20417e-17
22770086 -5.20417e-17
22795731 -5.20417e-17
22836051 -5.20417e-17
22889789 -5.20417e-17
22942683 -5.20417e-17
22966770 -5.20417e-17
23052968 -5.20417e-17
23098534 -0.25
23144071 -5.20417e-17
23247940 -5.20417e-17
23357487 -5.20417e-17
23703694 -5.20417e-17
23768312 -5.20417e-17
23820642 -0.136364
23879590 -5.20417e-17
24028960 -0.136364
24090816 -0.136364
24191765 -0.25
24267340 -0.25
24307070 -0.25
24355296 -0.136364
24412621 -0.0526316
24596905 -0.136364
24653697 -0.136364
24711011 -0.25
24754234 -0.25
25000992 -0.136364
25092823 -0.136364
25131410 -5.20417e-17
25155532 -5.20417e-17
25210577 -0.136364
25254607 -0.136364
25371058 -0.25
25428270 -0.136364
25530894 -0.25
25683351 -0.136364
25745701 0
25785711 -0.25
25922557 -0.25
26063925 -5.20417e-17
26110724 -0.25
26202941 -5.20417e-17
26246599 -5.20417e-17
26300773 -0.136364
26326378 -0.136364
26363847 -0.136364
26512409 -0.136364
26572915 -0.136364
26626891 -0.136364
26657441 -0.0526316
26746799 -0.153846
26845894 -0.25
26903098 -5.20417e-17
26929388 -5.20417e-17
26974056 -5.20417e-17
27036099 -5.20417e-17
27066257 -5.20417e-17
27121756 -5.20417e-17
27146969 -5.20417e-17
27173580 -5.20417e-17
27224774 -5.20417e-17
27409909 -5.20417e-17
27436959 -0.136364
27465974 -0.136364
27564935 -0.136364
27591728 -5.20417e-17
27661010 -0.136364
27987332 -5.20417e-17
28158599 -5.20417e-17
28318346 -5.20417e-17
28425869 -5.20417e-17
28626762 -5.20417e-17
28866987 -5.20417e-17
28902469 -5.20417e-17
29196611 -5.20417e-17
29220098 -5.20417e-17
29273325 -5.20417e-17
29323391 -5.20417e-17
29612462 -5.20417e-17
29667777 -5.20417e-17
29691690 -0.0526316
29724654 -5.20417e-17
29757151 -5.20417e-17
29800017 -5.20417e-17
29907391 -5.20417e-17
30044415 -0.153846
30124528 0.107143
30156313 -0.153846
30198343 0.107143
30239319 -0.25
30319651 0.107143
30436555 0.107143
30538693 0.107143
30614991 0.107143
30673380 0.107143
30783003 0.107143
30826536 0.107143
30862206 0.107143
31010909 0.107143
31039907 0.107143
31064112 0.107143
31092077 0.107143
31136207 0.107143
31162675 0.107143
31191049 0.107143
31249855 0.107143
31281876 0.107143
31367348 -0.153846
31412609 -0.153846
31527481 -0.153846
31552836 -0.153846
31590348 -0.264368
31618427 -0.153846
31660688 -0.153846
31684890 -0.153846
31722085 -0.153846
31794169 -0.153846
31829931 -0.153846
31917250 -0.153846
31951698 0.107143
31992196 -0.153846
32043659 -0.153846
32115277 -0.153846
32142420 0.107143
32181944 0.107143
32182683 -0.153846
32185139 0.107143
32198675 0.107143
32200345 0.107143
32201035 0.107143
32201540 0.107143
32205117 0.107143
32230313 0.107143
32245731 0.107143
32264584 0.107143
32287620 -0.153846
32288112 -0.153846
32294358 0.107143
32296730 0.107143
32307186 0.107143
32315653 -0.264368
32321948 0.107143
32331716 -0.2
32332334 -0.2
32336734 -0.153846
32339265 -0.153846
32347739 -0.153846
32353405 0.107143
32373339 0.107143
32375725 -0.153846
32388093 -0.153846
32390166 -0.153846
32395097 -0.153846
32395636 -0.153846
32416049 -0.153846
32417864 -0.153846
32426041 -0.153846
32429159 -0.153846
32435823 -0.153846
32438796 -0.153846
32439304 -0.153846
32441269 -0.153846
32442580 -0.153846
32454297 -0.153846
32476275 -0.153846
32476969 -0.153846
32488034 -0.153846
32532531 -0.153846
32535623 -0.153846
32536566 -0.153846
32619847 -0.153846
32622475 -0.153846
32691844 -0.153846
32696178 -0.2
32701870 -0.264368
32721418 -0.153846
32727926 -0.153846
32734586 -0.153846
32762370 -0.153846
32770516 -0.153846
32771216 -0.153846
32771650 -0.153846
32772401 -0.153846
32773302 -0.153846
32776848 -0.153846
32823239 -0.153846
32839245 -0.153846
32850123 -1.12757e-16
32906501 -0.153846
32908945 -0.153846
32918586 -0.153846
32920219 -0.153846
32926589 -0.197917
32981550 -0.2
32982103 -0.153846
32990865 -0.153846
32994880 -0.153846
32996662 -0.153846
32997124 -0.153846
32999151 -0.153846
32999631 -0.2
33010539 -0.153846
33012926 -0.153846
33028409 -0.153846
33029606 -0.153846
33033348 -0.153846
33033786 -0.153846
33034499 -0.153846
33035710 -0.153846
33047303 -0.153846
33062934 -0.153846
33064459 -0.153846
33071052 -0.153846
33073804 -0.153846
33080644 -0.153846
33084650 -0.153846
33096162 -0.153846
33103465 -0.153846
33110982 -0.153846
33111553 -0.153846
33112625 -0.153846
33114816 -0.153846
33120970 -0.153846
33123068 -0.153846
33126189 -0.153846
33133791 -0.153846
33136382 -0.153846
33138222 -0.153846
33183120 -0.153846
33185605 -0.153846
33231156 -0.153846
33237841 -0.153846
33238673 -0.153846
33246309 0.137931
33263326 -0.153846
33265960 -0.153846
33267875 -0.153846
33270262 -0.153846
33270882 -0.153846
33273242 -0.153846
33277903 -0.153846
33286754 -0.153846
33304011 -0.2
33311162 -0.153846
33330650 -0.153846
33338926 -0.153846
33357426 -0.153846
33362412 -0.2
33363047 -0.153846
33389736 -0.153846
33390770 -0.153846
33392951 -0.153846
33396492 -0.2
33403695 -0.153846
33427846 -0.2
33435245 -0.153846
33471237 -0.153846
33476844 -0.153846
33480700 -0.153846
33485002 -0.153846
33494070 -0.2
33498291 -0.153846
33503587 -0.153846
33516982 -0.153846
33519202 -0.153846
33520054 -0.153846
33520678 -0.153846
33530462 -0.153846
33531175 -0.264368
33537119 -0.153846
33540397 -0.153846
33545604 -0.2
33562092 -0.153846
33579051 -0.153846
33580903 -0.153846
33589138 -0.153846
33592082 -0.153846
33599532 -0.153846
33600240 -0.153846
33608015 -0.2
33620611 -0.153846
33621181 -0.153846
33636637 -0.153846
33637514 -0.153846
33659570 -0.153846
33673397 -0.153846
33675574 -0.153846
33676130 -0.153846
33676632 -0.153846
33677546 -0.153846
33680089 -0.153846
33692234 -0.153846
33692881 -0.153846
33694794 -0.153846
33696326 -0.153846
33703865 -0.153846
33719291 -0.153846
33722355 -0.153846
33737424 -0.153846
33738322 -0.153846
33739090 -0.153846
33739980 -0.153846
33745325 -0.153846
33754359 -0.153846
33757606 -0.153846
33760623 -0.153846
33784318 -0.153846
33791249 -0.153846
33793738 -0.2
33796512 -0.153846
33828548 -0.264368
33850534 -0.153846
33900912 -0.153846
33915985 -0.153846
33919592 -0.153846
33927728 -5.20417e-17
33928328 -0.153846
33931387 -0.153846
33931846 -0.153846
33932911 -0.2
33933691 -0.153846
33937792 -0.153846
33940183 -0.153846
33940858 -0.153846
33941333 -0.153846
33942080 -0.153846
33947421 -0.153846
33948774 -0.153846
33956744 -0.25
33975941 -0.153846
33984180 -0.25
33991418 -0.153846
33993061 -0.153846
34004422 -0.153846
34007879 -0.153846
34011960 -0.153846
34013613 -0.153846
34015909 -0.136364
34020417 -0.153846
34023570 -0.2
34038285 -0.136364
34750701 -0.136364
34758482 -0.136364
34764054 -0.136364
34781231 -0.136364
34786228 -0.136364
34818285 -5.20417e-17
34819419 -5.20417e-17
34849635 -5.20417e-17
34850506 -5.20417e-17
34851855 -5.20417e-17
34859852 -5.20417e-17
34862899 -5.20417e-17
34894693 -0.136364
34957553 -0.25
35024802 -5.20417e-17
35083167 -5.20417e-17
35091723 -5.20417e-17
35104157 -5.20417e-17
35107484 -5.20417e-17
35109354 -5.20417e-17
35117666 -5.20417e-17
35121843 -0.136364
35123795 -0.0185185
35154892 -0.136364
35160008 -0.136364
35168946 0.107143
35192362 -0.136364
35193628 -5.20417e-17
35227074 0.107143
35234834 0.107143
35366463 0.107143
35368057 0.107143
35370893 0.107143
35418180 -0.136364
35425757 -0.136364
35439000 -0.136364
35470492 0.107143
35482212 -5.20417e-17
35546420 -0.136364
35546970 0.107143
35555035 0.107143
35586767 -5.20417e-17
35611769 -5.20417e-17
35627532 -5.20417e-17
35638367 -5.20417e-17
35662971 -5.20417e-17
35675571 -5.20417e-17
35676831 -5.20417e-17
35678032 -5.20417e-17
35681342 -5.20417e-17
35682864 -5.20417e-17
35705155 -5.20417e-17
35738620 -5.20417e-17
35740435 -5.20417e-17
35770372 -0.25
35770853 -0.25
35798663 -0.25
35805121 -0.136364
35815587 -0.136364
35822156 -0.136364
35826209 -0.0526316
35827983 -0.25
35841136 -0.136364
35841753 -0.195652
35844256 -0.25
35845827 -0.226415
35854660 -0.25
35864243 -0.136364
35867463 -0.25
35868986 -0.25
35869431 -0.136364
35876422 -0.136364
35879867 -0.25
35885752 -0.136364
35890608 -0.25
35893695 -0.254603
35894637 -0.136364
35895427 -0.25
35910546 -0.136364
35924445 -0.136364
35930554 -0.25
35931885 -0.136364
35932491 -0.25
35936850 -0.25
35953217 -0.25
35957191 -0.25
35959749 -0.226415
35963637 -0.136364
35973307 -0.153846
35998607 -0.25
36003986 -0.136364
36006889 -0.153846
36013967 -0.25
36015611 -0.153846
36017286 -0.264368
36019859 -0.153846
36021238 -0.153846
36029924 -0.25
36036133 -0.25
36038374 -0.25
36038825 -0.195652
36040076 -0.25
36041333 -0.25
36046599 -0.25
36064146 -0.25
36072378 -0.153846
36074327 -0.153846
36076716 -0.25
36083739 -0.25
36088347 -0.25
36108000 -0.25
36112662 -0.136364
36113216 -0.25
36123951 -0.136364
36132003 -0.264368
36138842 -0.25
36140789 0.107143
36142796 0.107143
36159813 -0.136364
36161480 -0.136364
36323403 -0.136364
36365868 -5.20417e-17
36366463 -5.20417e-17
36367010 -0.136364
36367436 -5.20417e-17
36368023 -0.184211
36372662 -0.136364
36402360 -0.136364
36408132 -0.136364
36414439 -0.136364
36422718 -5.20417e-17
36429968 -5.20417e-17
36457244 -0.184211
36494539 -5.20417e-17
36511166 -5.20417e-17
36559452 -5.20417e-17
36578790 -5.20417e-17
36586249 -5.20417e-17
36678094 -0.25
36710312 -0.153846
36723714 -0.153846
36740555 -0.25
36767143 -0.25
36768006 -5.20417e-17
36781528 -5.20417e-17
36809455 -5.20417e-17
36820158 -5.20417e-17
36821065 -5.20417e-17
36825474 -5.20417e-17
36834799 -5.20417e-17
36857501 -5.20417e-17
36860421 -0.25
36862225 -0.25
36869893 -1.12757e-16
36937064 -5.20417e-17
36955604 -5.20417e-17
36959426 -5.20417e-17
37009318 -0.136364
37024539 0.047619
37054073 -0.136364
37156922 -5.20417e-17
37185287 -5.20417e-17
37188679 -5.20417e-17
37201810 -5.20417e-17
37221097 -5.20417e-17
37221656 -5.20417e-17
37224168 -5.20417e-17
37227054 -5.20417e-17
37229531 -5.20417e-17
37230211 -5.20417e-17
37231430 -5.20417e-17
37234008 -5.20417e-17
37236632 -5.20417e-17
37257513 -5.20417e-17
37259183 -5.20417e-17
37260512 -5.20417e-17
37266338 -5.20417e-17
37269102 -5.20417e-17
37270605 -5.20417e-17
37271086 -5.20417e-17
37271691 -5.20417e-17
37272569 -5.20417e-17
37275867 -5.20417e-17
37402670 -5.20417e-17
37403218 -5.20417e-17
37406956 -5.20417e-17
37409747 -5.20417e-17
37425576 -5.20417e-17
37474466 -5.20417e-17
37508710 -5.20417e-17
37559673 -0.136364
37602873 -0.153846
37626461 -0.25
37647577 -0.136364
37674704 -0.136364
37714295 -0.136364
37801955 -0.136364
37811718 -0.136364
37812670 -0.136364
37841812 -0.136364
37868145 -0.136364
37871648 -0.136364
37902527 -0.136364
37906848 -0.136364
37913443 -0.136364
37938780 -0.136364
37939206 -0.136364
37940960 -0.136364
37942561 -0.136364
37944204 -0.136364
37948821 -0.136364
38004394 -0.153846
38049146 -0.25
38085176 -0.2
38092515 0.0625
38104511 -0.136364
38107820 -0.136364
38109922 0.25
38116367 0.25
38134611 0.166667
38142874 -0.153846
38155509 -0.153846
38209047 -0.153846
38270468 -0.136364
38298326 0.25
38309925 0.25
38310489 0.25
38312521 0.25
38334051 -0.153846
38350829 -0.153846
38372492 -0.153846
38414793 -0.2
38452089 -0.153846
38453250 -0.153846
38509969 -0.136364
38528493 -0.136364
38566680 -0.136364
38567879 -0.280992
38588924 -0.136364
38725207 -0.25
38734230 -0.25
38801914 -0.25
38819427 -0.153846
38872672 -0.105769
38905967 -0.25
38943716 -0.25
38945271 -0.25
39025216 -0.153846
39027690 -0.153846
39028670 -0.153846
39081578 -0.00515464
39108346 -0.153846
39128119 -0.153846
39315848 -0.136364
39325409 -0.136364
39348470 -0.136364
39352525 -0.136364
39398893 -0.136364
39429790 -0.136364
39432510 -0.184211
39443373 -0.184211
39493124 -0.184211
39500216 -0.184211
39505778 -0.25
39581073 0.125
39616644 -0.153846
39621951 -0.153846
39632639 -0.153846
39633969 -0.153846
39640388 -0.25
39640911 -0.153846
39642800 -0.153846
39644698 -0.153846
39646742 -5.20417e-17
39648243 -5.20417e-17
39650087 -0.0526316
39650547 -0.0526316
39662236 -0.153846
39668139 -0.153846
39692638 -0.153846
39704354 -0.153846
39712504 -5.20417e-17
39774305 -5.20417e-17
39782788 0.047619
39784928 0.047619
39791264 -0.153846
39792095 -0.25
39793123 -0.153846
39824480 -0.25
39837493 0.25
39877958 -5.20417e-17
39887681 -0.153846
39913116 -0.153846
39924653 -5.20417e-17
39929607 -0.195652
39932073 -0.153846
39934875 -0.25
39936760 -0.25
39938790 -0.153846
39941800 -0.25
39947239 -0.25
39974983 -5.20417e-17
39979925 -0.195652
40022634 -0.25
40037424 -5.20417e-17
40043613 -5.20417e-17
40053915 -5.20417e-17
40062225 -5.20417e-17
40069301 -5.20417e-17
40078646 -0.00515464
40118206 -0.195652
40153282 -5.20417e-17
40153783 -5.20417e-17
40174568 -0.2
40180166 -0.2
40197110 -0.2
40199626 -0.195652
40236466 -5.20417e-17
40239799 -0.153846
40246729 -0.25
40259986 -0.2
40261543 -0.136364
40265641 -0.136364
40281232 -0.2
40335180 -0.242089
40336527 -0.226415
40365483 -0.136364
40378254 -0.195652
40394368 -0.136364
40396960 -0.2
40398657 -5.20417e-17
40407740 -0.2
40412485 -0.2
40413169 -0.2
40414951 -0.136364
40448736 -0.2
40474709 -0.195652
40494609 -0.2
40507980 -0.2
40543275 -0.25
40552562 -0.153846
40555832 -0.2
40573205 -0.195652
40574316 -0.136364
40580389 -0.195652
40586220 -0.195652
40640221 -0.25
40658020 -5.20417e-17
40665057 -0.25
40683950 -0.136364
40685025 -0.136364
40701199 -0.25
40714442 -0.2
40717753 -0.2
40728603 -5.20417e-17
40787533 -0.2
40801654 -0.153846
40855351 -0.0185185
40855892 0.107143
40859325 -0.0185185
40873179 -0.0185185
40927030 -0.0185185
40943159 -0.0185185
40964536 -0.105769
40975911 -0.0185185
41032352 -0.153846
41071216 -0.00515464
41076118 -0.0185185
41076776 -0.134918
41078499 -0.0185185
41094171 -0.264368
41173014 -0.2
41198389 -0.153846
41202482 -0.226415
41206096 -0.2
41223476 -0.25
41274609 -0.153846
41278075 -0.153846
41385244 -0.136364
41404336 -0.153846
41432985 -0.153846
41458437 0.107143
41459905 -5.20417e-17
41471856 -0.153846
41473506 -0.153846
41494351 -0.153846
41536524 -0.195652
41574760 -5.20417e-17
41614057 -5.20417e-17
41680650 -5.20417e-17
41707621 -5.20417e-17
41758037 -0.153846
41795687 -5.20417e-17
41826501 -5.20417e-17
41834864 -5.20417e-17
41839807 -5.20417e-17
41959685 -0.25
42014101 -0.153846
42020982 -0.153846
42026744 -0.254603
42031138 -0.153846
42039925 -0.153846
42047968 -0.153846
42065944 -5.20417e-17
42070237 -5.20417e-17
42120908 -5.20417e-17
42174636 -5.20417e-17
42207155 -0.136364
42207842 -5.20417e-17
42210569 -5.20417e-17
42245977 -0.25
42249079 -0.136364
42249930 -0.25
42251863 -0.136364
42253968 -0.226415
42257278 -0.25
42265727 -0.136364
42272973 -5.20417e-17
42289269 -1.12757e-16
42290118 -0.195652
42317156 -0.25
42344268 -0.136364
42347705 -0.136364
42386423 -0.136364
42395605 -0.136364
42396693 -0.136364
42397125 -0.136364
42660617 0.107143
42856209 -5.20417e-17
42857389 -0.136364
42874734 0.107143
42894986 -5.20417e-17
42922546 0.107143
42948884 -0.136364
42958721 -0.280992
42977169 -0.25
42979400 0.25
42993011 0.107143
43014594 0.107143
43024553 -0.136364
43048677 -0.25
43064170 0.25
43087563 0.107143
43107243 -0.25
43110912 0.333333
43119447 0.107143
43124875 -0.25
43172317 0.25
43216860 -0.25
43233706 0.107143
43321502 0.107143
43325754 0.107143
44246121 -0.25
44297312 -0.136364
44305888 -0.136364
44372151 -0.136364
44373316 -0.136364
44405827 -0.153846
44416360 -0.153846
44426763 -0.153846
44462000 -0.153846
44481150 -0.136364
44515446 -0.136364
44533069 -5.20417e-17
44567740 0
44571217 -5.20417e-17
44580800 -5.20417e-17
44590907 -5.20417e-17
44593369 -5.20417e-17
44605399 -5.20417e-17
44608641 -5.20417e-17
44615812 -5.20417e-17
44622874 0.166667
44666185 -5.20417e-17
44669507 -5.20417e-17
44682538 0.107143
44734953 0.107143
44760432 0.25
44769449 0.25
44770356 0.25
44771170 0.25
44772777 0.25
44773983 0.25
44778853 0.25
44825539 0.107143
44825971 -0.0526316
44839696 -0.25
44846047 -0.25
44861139 -0.136364
44878142 0.25
44889321 -0.136364
44890089 -0.136364
44892554 -0.136364
44901392 -0.136364
44941409 -0.136364
44965128 -0.153846
45002448 0.25
45006486 -0.136364
45015436 -5.20417e-17
45042351 0.107143
45141100 0.25
45142445 0.25
45147766 0.25
45159526 0.25
45167656 0.25
45172801 0.25
45177746 0.25
45240169 -0.136364
45253682 -0.136364
45307395 -0.136364
45313610 -0.136364
45314254 -0.136364
45322933 -0.136364
45324599 -0.136364
45326440 -0.136364
45333287 -0.136364
45344682 -0.136364
45348065 -0.136364
45352712 0.25
45370594 -0.136364
45387465 -5.20417e-17
45393133 -5.20417e-17
45410479 0.25
45416383 -0.136364
45430209 -5.20417e-17
45436107 -5.20417e-17
45440649 0.25
45441744 0.25
45444647 0.25
45445355 0.25
45453845 0.25
45462962 0.166667
45478438 -5.20417e-17
45482462 -5.20417e-17
45485924 0.25
45493545 0.25
45557751 0.25
45559566 -0.25
45579218 0.25
45579858 0.25
45584552 0.25
45589306 0.25
45602382 0.25
45608448 0.25
45611412 -0.136364
45628241 0.047619
45643073 0.25
45657923 0.047619
45670756 0.25
45771542 -5.20417e-17
45785358 -5.20417e-17
45790916 -5.20417e-17
45830407 -0.136364
45892145 -0.136364
45900380 -0.136364
45920936 -0.184211
45930447 -0.136364
45996593 -5.20417e-17
45999915 -0.136364
46116996 -0.136364
46129648 -0.25
46134881 -0.136364
46151288 -0.0526316
46208112 -0.25
46220139 -0.136364
46236180 -0.25
46249047 -0.153846
46329244 -0.136364
46397235 -0.136364
46398192 -0.136364
46509345 -0.25
46547163 -0.264368
46569089 -0.25
46585393 -5.20417e-17
46594044 -0.153846
46596334 -0.153846
46609001 -0.264368
46613065 -0.153846
46616062 -0.153846
46634486 -0.153846
46636410 -0.2
46655438 -0.153846
46669814 -0.153846
46730263 -0.153846
46730866 -1.12757e-16
46838921 -0.153846
46852060 -0.25
46857257 -5.20417e-17
46859648 -5.20417e-17
46879327 -0.153846
46929906 -0.153846
46941061 -0.25
46951204 -0.153846
47007398 -0.153846
47108129 -0.153846
47116013 -0.153846
47187836 -0.25
47194890 0.111111
47200665 -0.25
47203967 -5.20417e-17
47208164 -0.25
47225268 -0.25
47230973 -5.20417e-17
47235604 -5.20417e-17
47236627 -5.20417e-17
47238127 -5.20417e-17
47272006 -0.153846
47291640 -5.20417e-17
47329907 -0.153846
47355281 -5.20417e-17
47358865 -0.25
47371840 -5.20417e-17
47373576 -5.20417e-17
47378001 -0.153846
47380720 -5.20417e-17
47385519 -5.20417e-17
47389507 -5.20417e-17
47511955 -0.136364
47512778 -0.136364
47514824 -0.136364
47576614 -0.136364
47593289 -0.136364
47604195 -0.136364
47709441 -5.20417e-17
47732913 -0.136364
47736206 -0.136364
47738007 -0.136364
47743967 -5.20417e-17
47752483 -5.20417e-17
47755352 -5.20417e-17
47758461 -5.20417e-17
47759401 -5.20417e-17
47772727 -5.20417e-17
47782170 -5.20417e-17
47782613 -5.20417e-17
47784141 -5.20417e-17
47792417 -5.20417e-17
47794148 -5.20417e-17
47842388 -5.20417e-17
47865487 -5.20417e-17
47894817 -5.20417e-17
48030957 -5.20417e-17
48061396 -5.20417e-17
48094499 -5.20417e-17
48095055 -5.20417e-17
48137823 -5.20417e-17
48151782 -5.20417e-17
48159432 -5.20417e-17
48171392 -5.20417e-17
48180446 -5.20417e-17
48331053 0.411765
48331596 0.411765
48344723 -5.20417e-17
48375196 -5.20417e-17
48385704 -5.20417e-17
48387815 -5.20417e-17
48405421 -5.20417e-17
48417771 -1.12757e-16
48441237 -0.153846
48449478 -5.20417e-17
48451378 -5.20417e-17
48452524 -5.20417e-17
48472350 -0.136364
48475983 -0.136364
48501612 -0.136364
48509699 -0.25
48556944 -0.25
48560642 -5.20417e-17
48577554 -5.20417e-17
48601932 -5.20417e-17
48636021 -5.20417e-17
48817693 0.107143
48828805 0.107143
49079120 -0.25
49087721 -5.20417e-17
49107132 -0.25
49117718 -5.20417e-17
49121258 -5.20417e-17
49141673 -5.20417e-17
49204092 -5.20417e-17
49210133 -0.153846
49239109 -5.20417e-17
49249895 0.25
49266832 -5.20417e-17
49270808 -5.20417e-17
49280763 0.25
49315397 0.25
49327515 -5.20417e-17
49329855 0.25
49334685 -5.20417e-17
49352315 -0.25
49357458 -0.25
49358479 -0.25
49375273 -0.25
49382600 -0.25
49383333 -0.25
49387844 -5.20417e-17
49391845 -0.25
49395924 -0.25
49398020 -0.25
49402473 -0.280992
49415849 -0.0526316
49461582 -5.20417e-17
49462811 -5.20417e-17
49509625 -5.20417e-17
49531555 0.25
49538213 -0.0309558
49550541 0.25
49561206 0.25
49567543 0.25
49575441 -5.20417e-17
49583249 0.25
49583771 -5.20417e-17
49592916 0.25
49593611 -5.20417e-17
49606678 -5.20417e-17
49618939 0.4
49634793 -5.20417e-17
49638030 -5.20417e-17
49647756 -1.12757e-16
49663549 -5.20417e-17
49727041 -0.153846
49747095 -5.20417e-17
49750346 -5.20417e-17
49771906 -0.153846
49814563 -0.153846
49887308 -5.20417e-17
49907162 -5.20417e-17
49921060 -5.20417e-17
49985597 -5.20417e-17
50006252 -5.20417e-17
50042405 -5.20417e-17
50051516 -5.20417e-17
50085799 -5.20417e-17
50206316 -5.20417e-17
50217107 -0.136364
50228894 -0.136364
50230929 -0.25
50293736 -5.20417e-17
50305134 -0.136364
50318139 0.047619
50321141 -0.136364
50325877 -0.136364
50336903 -0.136364
50338438 -5.20417e-17
50354023 -5.20417e-17
50357367 -5.20417e-17
50377075 -5.20417e-17
50388285 0.047619
50413752 -0.136364
50437336 -5.20417e-17
50441676 0.107143
50442908 -0.153846
50447176 0.107143
50471135 -0.136364
50479707 -5.20417e-17
50480935 -0.136364
50484516 -5.20417e-17
50488411 -5.20417e-17
50507324 -5.20417e-17
50513781 -5.20417e-17
50522847 -0.136364
50524118 0.107143
50533677 0.194631
50534870 -0.25
50538419 -0.136364
50543868 -5.20417e-17
50544363 -5.20417e-17
50555433 -5.20417e-17
50566017 -0.136364
50575187 -0.136364
50575652 -0.136364
50578086 -0.184211
50604933 -5.20417e-17
50607336 -0.136364
50608181 -0.136364
50609510 0.194631
50638656 -5.20417e-17
50659800 -5.20417e-17
50663466 -5.20417e-17
50666038 -5.20417e-17
50666563 -5.20417e-17
50668662 -5.20417e-17
50669182 -5.20417e-17
50678059 -5.20417e-17
50678529 -5.20417e-17
50680414 -5.20417e-17
50681263 -5.20417e-17
50730824 -0.136364
