19199 -5.20417e-17
21386 -5.20417e-17
50574 -5.20417e-17
65695 -5.20417e-17
66914 -5.20417e-17
68444 -5.20417e-17
76603 -5.20417e-17
106736 -5.20417e-17
107486 -5.20417e-17
112935 -5.20417e-17
121679 -5.20417e-17
131417 -5.20417e-17
144591 -5.20417e-17
164189 -5.20417e-17
167458 -0.25
172320 -0.25
177649 -5.20417e-17
204043 -0.25
205937 -0.25
209741 -0.25
212961 -0.25
218867 -5.20417e-17
228059 -0.25
238116 -5.20417e-17
239949 -0.25
242603 -5.20417e-17
245160 -0.25
265712 -5.20417e-17
288982 -5.20417e-17
299062 -0.156417
305726 -0.25
307872 -5.20417e-17
316113 -5.20417e-17
320284 -0.25
323364 -5.20417e-17
324265 -0.25
330474 -5.20417e-17
344529 -0.136364
352419 -0.0526316
385844 -0.25
393566 -0.25
409533 -5.20417e-17
425209 -0.136364
460757 -5.20417e-17
488443 -5.20417e-17
499789 -5.20417e-17
509789 -0.25
514525 -0.25
520176 -0.136364
536829 -5.20417e-17
545687 -5.20417e-17
561263 -0.25
571097 -5.20417e-17
591655 -5.20417e-17
714448 -0.136364
758271 -0.136364
765415 -0.25
786873 -0.136364
793778 0.107143
821859 -0.184211
837121 -0.195652
846680 0.107143
849641 0.107143
875151 -5.20417e-17
959652 -5.20417e-17
964420 0.411765
966701 0.411765
983803 -5.20417e-17
1086749 -5.20417e-17
1094327 0.107143
1096749 0.411765
1133188 -0.136364
1142234 0.151786
1145538 0.411765
1194019 0.411765
1213302 0.107143
1221918 0.314159
1226007 0.107143
1231364 0.107143
1234358 -0.0185185
1280334 0.274194
1293316 0.150295
1301750 -5.20417e-17
1310696 -5.20417e-17
1324758 0.411765
1354021 -0.136364
1358406 -5.20417e-17
1360028 -0.136364
1361982 0.25
1395577 -5.20417e-17
1396937 0.107143
1422564 -0.136364
1438203 0.194631
1459333 -5.20417e-17
1463842 0.25
1594365 -5.20417e-17
1598413 -0.136364
1605878 -0.136364
1617321 -5.20417e-17
1619330 -5.20417e-17
1626746 -5.20417e-17
1634504 -5.20417e-17
1644431 -5.20417e-17
1663823 -5.20417e-17
1693521 -0.25
1702480 -0.25
1717177 -5.20417e-17
1723749 -5.20417e-17
1740572 -0.25
1749412 -5.20417e-17
1751992 -0.25
1757266 -5.20417e-17
1762613 -0.25
1770348 -5.20417e-17
1774938 -5.20417e-17
1780390 -0.136364
1781350 -5.20417e-17
1783290 -5.20417e-17
1850222 -0.25
1859219 -0.25
1860768 -5.20417e-17
1863064 -0.153846
1869545 -5.20417e-17
1876092 -0.136364
1903194 -5.20417e-17
1904335 -5.20417e-17
1932174 -5.20417e-17
1935727 -5.20417e-17
1940246 -5.20417e-17
1956873 -5.20417e-17
1991155 -0.136364
1996434 0.25
1998423 -5.20417e-17
2004603 -5.20417e-17
2034207 -5.20417e-17
2065424 0.393939
2077407 -0.136364
2091140 -5.20417e-17
2092877 -5.20417e-17
2109824 -5.20417e-17
2185859 0.25
2202024 -5.20417e-17
2206241 -0.136364
2220157 0.411765
2224690 0.107143
2231287 -0.25
2234147 0.107143
2312508 -0.0526316
2315408 -5.20417e-17
2322769 -0.0526316
2334976 -5.20417e-17
2339770 -0.25
2347764 -0.153846
2369482 -5.20417e-17
2383419 -5.20417e-17
2385577 -0.25
2388393 -0.153846
2399711 0.5
2404104 0.5
2434452 0.0625
2443393 -0.136364
2454231 -5.20417e-17
2462994 0.107143
2466536 0.107143
2467939 0.393939
2469433 -0.25
2475142 0.107143
2493581 0.5
2494567 0.5
2495572 0.107143
2501883 0.107143
2502950 0.107143
2515875 -0.136364
2767445 -5.20417e-17
2777761 -5.20417e-17
2779586 -0.25
2781307 -0.25
2792463 -5.20417e-17
2794215 -5.20417e-17
2845041 0.274194
2846377 0.411765
2868791 -5.20417e-17
2921152 0.411765
2922053 0.5
2945818 -0.25
2959509 -0.136364
2970528 -5.20417e-17
3005527 -5.20417e-17
3010109 -5.20417e-17
3021266 0.107143
3036784 -0.264368
3044061 -5.20417e-17
3045632 -5.20417e-17
3046780 -5.20417e-17
3053009 -5.20417e-17
3111469 -5.20417e-17
3113741 0.107143
3115149 -0.2
3129918 -0.153846
3141167 -0.136364
3146453 -0.153846
3152606 -5.20417e-17
3168874 -5.20417e-17
3169819 -5.20417e-17
3171766 0.5
3178001 0.0625
3192661 -0.00515464
3195054 -0.136364
3227129 -5.20417e-17
3237127 0.393939
3254065 0.107143
3254988 -5.20417e-17
3257448 -0.136364
3269891 0.107143
3327118 -0.25
3347821 -0.136364
3351413 0.107143
3362229 -0.136364
3393140 0.25
3393913 0.107143
3401204 -5.20417e-17
3412825 -0.136364
3418377 -0.136364
3419162 -0.136364
3460824 0.705882
3477765 -5.20417e-17
3478793 0.25
3492134 -5.20417e-17
3517250 -0.25
3576761 -0.136364
3582559 -0.136364
3607392 0.5
3617955 0.25
3634402 0.411765
3639127 0.107143
3679598 -0.25
3691222 -0.25
3695473 0.25
3765415 0.25
3797691 0.310345
3847566 0.25
3849214 0.25
3852888 0.5
3863543 0.5
3865730 0.5
3867695 0.5
3870887 0.5
3872290 0.5
3874785 -5.20417e-17
3895958 0.25
3911346 -5.20417e-17
3929449 0.5
3956656 -5.20417e-17
3972761 -5.20417e-17
3992330 0.5
4275335 -5.20417e-17
4276534 0.5
4277380 0.5
4291632 -5.20417e-17
4296322 0.25
4318288 -0.0526316
4336843 -5.20417e-17
4339846 0.25
4354697 -5.20417e-17
4360322 0.25
4372703 0.25
4376418 0.5
4385697 0.25
4387476 0.5
4441880 0.5
4447514 0.25
4452640 -0.226415
4462563 -5.20417e-17
4475124 0.194631
4490238 0.75
4527306 -5.20417e-17
4553719 -5.20417e-17
4591270 -0.25
4625848 -5.20417e-17
4627059 -5.20417e-17
4630628 -0.136364
4639264 -5.20417e-17
4640446 -5.20417e-17
4642708 -0.25
4646781 -0.25
4647882 4.16334e-17
4655338 -0.280992
4656720 -0.0543414
4671238 -5.20417e-17
4697777 -5.20417e-17
4700589 -5.20417e-17
4710949 0.166667
4712597 -0.25
4757776 -5.20417e-17
4766466 -5.20417e-17
4767229 -0.00515464
4784992 -0.136364
4788358 -5.20417e-17
4930034 -0.25
4939933 -5.20417e-17
4979639 -0.25
4990457 0.107143
5009334 0.25
5021375 -0.136364
5030621 0.25
5032050 0.25
5044674 -0.105769
5053056 -5.20417e-17
5054960 0.25
5057083 -0.195652
5059365 -0.136364
5060774 -5.20417e-17
5063088 -0.25
5068386 -0.280992
5089526 -0.25
5100069 0.25
5107219 0.125
5115637 -0.136364
5120291 -5.20417e-17
5129177 -5.20417e-17
5160582 -0.25
5170281 -0.25
5213934 -0.0526316
5216005 -5.20417e-17
5225623 -0.2
5244122 4.16334e-17
5250137 -0.136364
5256542 -0.00515464
5264932 -0.25
5268536 -0.25
5303833 -5.20417e-17
5311110 -0.25
5330112 -0.136364
5337810 -0.184211
5348152 -5.20417e-17
5354087 -0.25
5357698 -0.25
5363378 -0.0185185
5387512 -0.25
5389967 -0.136364
5393497 -0.153846
5405718 -0.136364
5411489 -0.0526316
5413756 -0.0526316
5414992 -0.136364
5482064 0.0144928
5501529 -5.20417e-17
5587267 -0.25
5602115 -0.25
5619928 -0.136364
5621957 0.107143
5652619 -0.25
5696895 -0.25
5764913 -0.136364
5830379 -5.20417e-17
5883379 -0.25
5906606 -0.25
5999385 -0.25
6074620 -0.136364
6278920 -0.184211
6378977 0.25
6405768 -5.20417e-17
6439917 0.25
6477854 0.25
6566305 0.5
6692130 -0.254603
6749113 0.107143
7473437 -5.20417e-17
7539966 -0.0526316
7650316 0.25
7703604 -5.20417e-17
7731589 -5.20417e-17
7818974 -5.20417e-17
7848774 0.25
7872384 0.25
8252615 -5.20417e-17
8277511 -5.20417e-17
8596030 -5.20417e-17
8684347 -5.20417e-17
8732158 0.107143
9049926 -0.136364
9084340 -0.153846
9111573 -0.254603
9259491 0.411765
9499045 0.274194
9702998 0.411765
9825512 0.411765
9848636 0.411765
9929019 0.107143
9959591 -0.25
9992799 -0.153846
10037479 0.107143
10072780 -0.25
10116695 0.5
10271491 0.107143
10344280 -0.136364
10409210 0.107143
10458887 -5.20417e-17
10483233 -0.136364
10515241 0.107143
10546202 -0.136364
10686172 0.107143
10760346 -0.25
10950353 0.107143
11553805 -0.136364
11624447 -0.136364
11662427 -5.20417e-17
11688292 0.107143
11922617 -0.226415
11997372 -0.136364
12040444 -0.136364
12117704 -0.136364
12156418 0.107143
12293511 -0.153846
12411261 0.111111
12537216 -0.136364
12690809 -0.136364
12737444 -0.136364
12769568 -0.136364
12793508 -0.136364
13131970 -0.136364
13261820 -0.136364
13334989 -0.136364
13387006 0.107143
13442097 0.137931
13515415 -0.333333
13571498 -0.136364
13616354 0.107143
13860413 0.107143
13957159 -0.136364
13981894 -5.20417e-17
14005577 0.107143
14064971 -0.136364
14151724 0.107143
14259954 -5.20417e-17
14611581 -0.136364
14653171 0.107143
14723613 0.107143
14778473 0.107143
14808506 -0.226415
15202009 -5.20417e-17
15234525 0.107143
15422329 0.107143
15561956 -0.136364
15689741 0.107143
16144154 -0.136364
16213676 -0.136364
16235737 -0.136364
16298138 -0.136364
16322992 -0.136364
16396255 -0.197917
16464092 0.107143
16516858 -0.280992
16527902 -0.0526316
16621811 0.107143
16697010 -0.136364
16738385 -0.136364
16814269 0.107143
16898510 0.107143
16930165 0.107143
17033633 -5.20417e-17
17085614 -0.136364
17603726 0.107143
17644304 0.107143
17692605 0.107143
17739096 -5.20417e-17
17767575 -0.136364
17796387 0.107143
17905915 -0.136364
17983829 -0.136364
18089373 -0.136364
18268697 -0.136364
18621744 -0.136364
18886715 -0.25
19123791 -0.25
19213023 0.107143
19258162 0.25
19330626 0.107143
19403881 -0.0185185
19447302 -0.0185185
19515793 -0.153846
19599215 -5.20417e-17
19657033 0.107143
20082713 -5.20417e-17
20160861 -5.20417e-17
20195159 0.107143
20265659 -5.20417e-17
20411288 -5.20417e-17
20524915 0.107143
20612694 -5.20417e-17
20685514 0.107143
20827172 0.107143
20943979 0.107143
21022937 0.107143
21157163 -0.153846
21210853 -5.20417e-17
21261809 -0.136364
21344582 -5.20417e-17
21397267 -5.20417e-17
21450406 -5.20417e-17
21531602 0.107143
21782373 -5.20417e-17
21904587 -5.20417e-17
22246538 -5.20417e-17
22320649 -5.20417e-17
22351694 -5.20417e-17
22399198 -5.20417e-17
22434283 -5.20417e-17
22563082 -5.20417e-17
22632912 -5.20417e-17
22723842 -5.20417e-17
22839514 -5.20417e-17
22878065 0.107143
23055124 -5.20417e-17
23166713 -5.20417e-17
23204816 -5.20417e-17
23321245 0.107143
23352113 0.107143
23721271 -0.25
23775391 -0.25
23866074 0.107143
24142651 -5.20417e-17
24346186 -5.20417e-17
24479847 -0.25
24765105 -5.20417e-17
25030381 0.314159
25293976 0.107143
25363750 0.25
25536735 0.25
25575537 0.5
25651269 0.107143
25690001 -0.136364
25812598 0.25
25921337 0.25
26026062 0.107143
26324940 -0.25
26397915 0.107143
26426492 0.411765
26454112 -5.20417e-17
26583725 -0.25
26642007 -0.25
26789010 -5.20417e-17
26945601 -5.20417e-17
27057528 -5.20417e-17
27095330 0.107143
27134358 -5.20417e-17
27395084 0.107143
27658954 0.107143
27847719 0.107143
27974707 0.107143
28026045 -0.136364
28057928 4.16334e-17
28347371 0.107143
28413438 0.411765
28503087 0.107143
28548049 0.25
28595644 0.25
28621743 -5.20417e-17
28687049 0.5
28783977 0.25
28841634 0.25
28942195 0.25
28951994 0.25
29122090 0.25
29260005 0.25
29441170 0.25
29471022 0.25
29525390 0.25
29653628 -0.136364
29682346 -0.136364
30974799 -5.20417e-17
31085817 -5.20417e-17
31111337 -5.20417e-17
31141660 -5.20417e-17
31363274 -0.136364
32698446 -0.25
32938490 -0.25
32939513 -0.25
32953756 -0.25
33020065 -0.25
33024663 -0.25
33032956 -0.25
33082478 -0.25
33103514 -0.25
33108966 -0.25
33111084 -0.25
33134192 -0.25
33153052 -0.25
33154236 -0.25
33161483 -0.25
33163940 -0.25
33477340 -0.25
33517757 -0.25
33525855 -0.25
33671736 0.25
33673316 0.25
33690761 0.25
33694405 0.25
33758308 -5.20417e-17
33765404 -5.20417e-17
33767293 -5.20417e-17
33855100 -0.25
33866089 -0.25
33884116 -0.25
33910036 -0.25
33914662 -0.25
33938840 -0.25
33954302 -0.299213
33963208 -0.195652
33966281 -0.333333
33988654 -0.25
33998574 -0.25
34007575 -0.25
34018072 -0.25
34029176 -0.25
34064589 -0.25
34079993 -0.25
34081328 -0.25
34110455 -0.25
34147379 -0.0185185
34164164 -0.105769
34169480 -0.25
34170499 -0.25
34180595 -0.25
34204909 -0.25
34219372 -0.25
34227914 -0.105769
34241291 -0.25
34243241 -5.20417e-17
34244402 -0.136364
34245545 -5.20417e-17
34283791 -0.25
34294516 -0.25
34298128 -0.25
34308096 -0.134918
34309629 -0.25
34315923 -0.105769
34364354 -0.136364
34367269 0.3125
34374076 -0.136364
34378079 -0.2
34387780 -0.264368
34395745 -5.20417e-17
34399757 -0.136364
34400542 -0.136364
34403919 -0.136364
34412959 -0.105769
34416830 -0.136364
34429546 -5.20417e-17
34432251 -5.20417e-17
34446062 -5.20417e-17
34467296 0.166667
34491935 -5.20417e-17
34499784 -5.20417e-17
34505110 -5.20417e-17
34532040 -5.20417e-17
34535452 -5.20417e-17
34545549 -0.136364
34547382 -0.136364
34573350 -0.25
34587344 -0.25
34588195 -0.25
34612476 -0.25
34647890 -0.25
34650759 -0.25
34666450 -0.25
34692693 -0.25
34703335 -0.25
34706456 -0.25
34710887 -0.25
34724265 -5.20417e-17
34772915 -0.136364
34790656 -0.136364
34791858 -0.136364
34804479 -5.20417e-17
34839398 -0.25
34857728 -5.20417e-17
34875311 -5.20417e-17
34883065 -5.20417e-17
34933369 -0.153846
34945081 -0.153846
34955422 -0.153846
34961318 -5.20417e-17
34962888 -5.20417e-17
34964105 -0.25
34966953 -0.25
34972056 -5.20417e-17
34975642 -0.25
34994286 -5.20417e-17
34996528 -0.25
35000799 -0.136364
35023448 -5.20417e-17
35040380 -5.20417e-17
35041420 -0.136364
35077778 -0.136364
35085177 -0.136364
35087907 -0.136364
35090502 -0.136364
35104647 -0.136364
35121187 -0.136364
35168930 -0.136364
35185555 -0.136364
35219106 -0.136364
35230252 -0.136364
35259229 -0.136364
35273134 -5.20417e-17
35283088 -0.136364
35299633 -0.25
35330339 -0.136364
35339482 -0.136364
35349328 -0.136364
35361334 -0.136364
35364002 -0.136364
35405797 -0.136364
35413233 -0.136364
35419608 -5.20417e-17
35421349 -5.20417e-17
35448717 -5.20417e-17
35449577 -5.20417e-17
35451320 -5.20417e-17
35452697 -5.20417e-17
35462187 -0.136364
35497198 -5.20417e-17
35507990 0.5
35524022 -5.20417e-17
35535967 -5.20417e-17
35538965 -5.20417e-17
35573302 0.411765
35627836 -0.136364
35633795 -0.136364
35669664 -0.25
35671826 -0.25
35679008 -0.25
35684476 -0.25
35707160 -0.25
35719858 -5.20417e-17
35740207 -5.20417e-17
35742542 -5.20417e-17
35747077 -5.20417e-17
35748391 -5.20417e-17
35757151 -5.20417e-17
35759855 -5.20417e-17
35764936 -5.20417e-17
35765721 -5.20417e-17
35781218 0.25
35782317 0.25
35793091 0.25
35801057 -5.20417e-17
35802013 -5.20417e-17
35832386 -5.20417e-17
35837462 -5.20417e-17
35854103 -5.20417e-17
35861476 -5.20417e-17
35876483 -5.20417e-17
35886853 0.25
35936805 -5.20417e-17
35938569 0.25
35939821 -5.20417e-17
35956034 0.25
35972631 0.25
35973546 0.25
35980956 0.25
36007399 0.25
36032006 -5.20417e-17
36034289 0.25
36038619 0.25
36042575 0.25
36043852 0.25
36057194 -5.20417e-17
36063468 -5.20417e-17
36070620 -5.20417e-17
36091006 0.25
36095180 0.25
36114531 -5.20417e-17
36115577 -5.20417e-17
36131170 -5.20417e-17
36237017 0.393939
36298865 -5.20417e-17
36302681 -5.20417e-17
36339214 -5.20417e-17
36346949 -5.20417e-17
36374448 -5.20417e-17
36376864 -5.20417e-17
36395079 -5.20417e-17
36409036 -5.20417e-17
36427644 -0.25
36449357 0.107143
36672503 0.411765
36675132 0.411765
36701848 0.411765
36702778 0.411765
36745144 -0.153846
36789714 -0.153846
36812950 -0.153846
36845347 -0.153846
36914473 -0.153846
36920528 -0.153846
36959274 -0.153846
37331728 -5.20417e-17
37332496 -5.20417e-17
37333386 -5.20417e-17
37334427 -5.20417e-17
37335519 -5.20417e-17
37336737 -5.20417e-17
37370573 -5.20417e-17
37451116 -5.20417e-17
37460939 -5.20417e-17
37466994 -5.20417e-17
37473452 -5.20417e-17
37492115 -5.20417e-17
37499390 -5.20417e-17
37527828 -0.25
37534700 -0.25
37538876 -0.25
37541238 -0.25
37545066 -0.25
37553639 -0.25
37557065 -0.25
37672497 -5.20417e-17
37674750 -0.25
37700650 -5.20417e-17
37702244 -5.20417e-17
37720073 -5.20417e-17
37779807 -5.20417e-17
37826181 -5.20417e-17
37832346 -5.20417e-17
37851829 -5.20417e-17
37863216 -5.20417e-17
37895336 -5.20417e-17
37898552 -5.20417e-17
37902931 -5.20417e-17
37930633 -5.20417e-17
37984044 -5.20417e-17
38003673 -5.20417e-17
38004616 -5.20417e-17
38037948 -5.20417e-17
38045898 -5.20417e-17
38047240 -5.20417e-17
38048300 -5.20417e-17
38086799 0.25
38100814 -0.136364
38103441 -5.20417e-17
38139117 0.25
38140216 0.25
38154723 -0.136364
38158839 -0.136364
38183067 0.25
38190841 -0.136364
38191906 0.25
38197459 -0.25
38256161 -5.20417e-17
38263995 -5.20417e-17
38275594 -5.20417e-17
38280177 -0.25
38294777 -5.20417e-17
38309296 -5.20417e-17
38324577 -0.25
38326427 -0.25
38333669 -1.12757e-16
38340724 -0.25
38349544 -5.20417e-17
38358985 -0.25
38371191 -0.25
38390414 -0.153846
38395823 -5.20417e-17
38402301 -0.25
38407049 -0.25
38438653 -0.25
38452187 -5.20417e-17
38452934 -5.20417e-17
38480306 -5.20417e-17
38501821 -5.20417e-17
38532213 -5.20417e-17
38543691 -5.20417e-17
38551155 -5.20417e-17
38566670 -5.20417e-17
38569778 -5.20417e-17
38571016 -5.20417e-17
38579634 -5.20417e-17
38583144 -0.25
38585840 -0.25
38588511 -0.25
38589440 -0.25
38591888 -5.20417e-17
38601323 -0.25
38605485 -0.25
38644367 -5.20417e-17
38649377 -5.20417e-17
38651529 -5.20417e-17
38664960 -0.25
38666074 -0.25
38687120 -0.25
38688580 -0.25
38716240 -5.20417e-17
38728788 0.25
38740062 -5.20417e-17
38755036 0.25
38756518 0.5
38789268 0.452055
38857395 0.5
38863360 0.5
38868084 -5.20417e-17
38870300 -0.136364
38872292 0.107143
38876486 -5.20417e-17
38877498 -0.136364
38883631 -0.25
38887540 -5.20417e-17
38889140 -5.20417e-17
38893014 -5.20417e-17
38898486 -5.20417e-17
38909903 -0.105769
38911575 -0.25
38913029 0.107143
38918597 -5.20417e-17
38923595 -5.20417e-17
38925672 -5.20417e-17
38930796 0.107143
38939159 -0.136364
38943417 0.107143
38947582 -5.20417e-17
38954470 -0.136364
38960226 -0.136364
38969789 -0.136364
38985024 -0.136364
38986336 -5.20417e-17
38994497 -5.20417e-17
38996047 -5.20417e-17
39009305 -0.25
39011330 -5.20417e-17
39012689 0.166667
39020094 -5.20417e-17
39032520 0.5
39042164 -0.25
39050448 -0.25
39056114 -0.25
39064883 -0.136364
39077926 -0.136364
39088084 -5.20417e-17
39117313 -0.25
39123205 -0.25
39127235 -5.20417e-17
39134285 -5.20417e-17
39154569 -0.136364
39170166 -0.25
39172304 -0.25
39182300 -5.20417e-17
39193524 -5.20417e-17
39194380 -5.20417e-17
39199935 -5.20417e-17
39206933 -0.25
39209962 -0.25
39216024 -0.25
39218537 -0.25
39219595 -5.20417e-17
39222078 -5.20417e-17
39224492 -5.20417e-17
39233070 -5.20417e-17
39246206 -5.20417e-17
39251131 -5.20417e-17
39292939 -5.20417e-17
39303211 -5.20417e-17
39307103 -5.20417e-17
39357229 -5.20417e-17
39390128 -5.20417e-17
39392522 -5.20417e-17
39403852 -5.20417e-17
39407484 -5.20417e-17
39420961 -5.20417e-17
39426292 -5.20417e-17
39431214 -5.20417e-17
39436728 -5.20417e-17
39438564 -5.20417e-17
39439888 -5.20417e-17
39464915 -5.20417e-17
39510751 -5.20417e-17
39558252 -5.20417e-17
39594385 -0.136364
39600402 -5.20417e-17
39601253 -5.20417e-17
39693677 -5.20417e-17
39708387 -5.20417e-17
39727905 -5.20417e-17
39748381 -5.20417e-17
39759678 0.25
39783881 -5.20417e-17
39946374 0.25
39973490 -0.25
40006278 0.25
40062294 0.25
40136891 0.107143
40138585 -5.20417e-17
40167512 -5.20417e-17
40182411 -5.20417e-17
40185032 0.411765
40209574 0.5
40211702 0.5
40213122 0.107143
40214446 0.107143
40219803 -5.20417e-17
40295391 0.107143
40297110 0.107143
40304467 0.107143
40440832 -5.20417e-17
40580940 -5.20417e-17
40583852 -5.20417e-17
40629683 -5.20417e-17
40741689 -5.20417e-17
40888354 0.25
40896400 0.25
40913421 -5.20417e-17
40928220 0.25
40937068 -5.20417e-17
40938166 -5.20417e-17
40946829 -5.20417e-17
40961280 0.25
40967083 -5.20417e-17
40969303 -5.20417e-17
40974262 -5.20417e-17
40983707 0.25
41002811 -5.20417e-17
41006233 -5.20417e-17
41034925 -0.0526316
41217558 0.5
41225189 0.25
41228895 0.5
41236923 0.5
41306254 0.25
41328064 0.25
41331499 0.25
41333755 0.25
41342672 0.25
41407372 -0.184211
41408349 -0.136364
41410988 -0.184211
41424873 -0.184211
41429667 -0.184211
41433626 -0.25
41438309 -0.184211
41441027 -0.184211
41455599 -0.280992
41491337 -1.12757e-16
41493450 -0.25
41495018 -1.12757e-16
41509034 -5.20417e-17
41512333 -1.12757e-16
41533900 -1.12757e-16
41538282 -1.12757e-16
41566694 -1.12757e-16
41574342 -5.20417e-17
41595432 -0.111111
41596555 0.166667
41699503 -5.20417e-17
41703528 -5.20417e-17
41708488 -5.20417e-17
41720469 -5.20417e-17
41798954 -5.20417e-17
41805260 -5.20417e-17
41815989 -5.20417e-17
41820144 -5.20417e-17
41821360 -5.20417e-17
41822143 -5.20417e-17
41828863 -5.20417e-17
41834871 -5.20417e-17
41982544 -5.20417e-17
41989301 -5.20417e-17
42007530 -5.20417e-17
42016419 -0.264368
42018984 -0.2
42039861 -0.2
42115188 -0.264368
42123513 -0.2
42130212 -0.2
42147652 -0.264368
42168117 -0.153846
42171100 -0.2
42190341 -5.20417e-17
42194769 -5.20417e-17
42261733 -0.2
42319210 -5.20417e-17
42323509 -5.20417e-17
42377595 -5.20417e-17
42386806 -5.20417e-17
42419045 0.274194
42452121 0.107143
42457063 -0.0526316
42463434 0.107143
42470022 0.107143
42471993 -0.0185185
42506684 0.5
42511505 0.5
42517511 -0.153846
42524547 -0.153846
42575614 0.107143
42576651 -0.0185185
42610920 -5.20417e-17
42658445 -0.136364
42687085 -0.0185185
42696916 -5.20417e-17
42699297 -0.153846
42702781 -0.153846
42724495 -5.20417e-17
42759210 -0.25
42783646 -0.25
42808906 -0.25
42819489 -0.25
42827150 -0.25
42851320 -0.25
42854754 -0.25
42859229 -0.25
42868112 -0.25
42878353 -0.25
42889191 -0.25
42892036 -0.25
42904869 -0.25
42910791 -0.25
42913709 -0.25
42919239 -0.25
42920570 -0.25
42941040 -0.226415
42944026 -0.25
42963992 -0.136364
42985909 -0.136364
42990491 0.166667
43000624 -0.136364
43017900 -0.197917
43025036 -0.136364
43032019 -0.136364
43072927 -0.136364
43089845 -0.136364
43102338 -0.136364
43103902 -0.136364
43105102 -0.136364
43105853 -0.136364
43148712 -0.136364
43188658 -0.136364
43190667 -0.136364
43206180 -0.136364
43210141 -0.136364
43213208 -0.25
43220331 -0.136364
43230085 -0.136364
43243748 -0.226415
43252020 -0.195652
43296949 -0.195652
43306631 -0.136364
43321912 -0.136364
43329356 -0.136364
43332297 -0.136364
43334372 -0.136364
43335483 -0.136364
43340392 -0.136364
43342235 -0.226415
43386736 -0.195652
43412025 -0.136364
43455747 -0.136364
43484650 -0.136364
43504536 -0.136364
43513124 -0.136364
43610628 -0.226415
43663870 -0.136364
43799587 -0.195652
43805728 -0.226415
43835838 -0.136364
43880150 -0.0185185
43941827 -0.0185185
43950139 -0.0185185
43953979 -0.0185185
43968958 -5.20417e-17
43991274 -5.20417e-17
44053373 -0.153846
44055029 -0.00515464
44058147 -0.0185185
44060292 -0.00515464
44064771 -0.0185185
44071601 -0.00515464
44080219 0.107143
44095910 -0.0185185
44130414 -0.2
44158816 -0.0185185
44164407 -0.0185185
44170599 -0.0185185
44171397 -0.0185185
44176217 -0.0185185
44177812 -0.0185185
44182371 -0.0185185
44192143 -0.00515464
44198774 -0.0185185
44201165 -5.20417e-17
44206600 0.107143
44208679 -5.20417e-17
44212748 -0.0185185
44213517 -0.00515464
44222123 -0.0185185
44232948 0.107143
44234177 -0.0185185
44244636 -0.0185185
44251912 -5.20417e-17
44256792 -5.20417e-17
44260819 -0.0526316
44264670 -5.20417e-17
44280690 0.107143
44294480 -0.0185185
44299256 -0.0185185
44312140 -0.00515464
44314291 -0.0185185
44336809 0.411765
44341339 0.107143
44343033 0.107143
44343929 0.107143
44355124 0.411765
44374508 0.107143
44378219 0.107143
44380423 0.107143
44400821 0.107143
44403515 0.107143
44422036 0.107143
44423503 0.107143
44431530 0.107143
44445428 0.107143
44450477 0.411765
44453867 0.411765
44474008 0.107143
44507530 0.107143
44542037 -5.20417e-17
44557326 0.107143
44577335 0.107143
44579021 0.107143
44590248 0.107143
44591609 0.411765
44611809 -0.0185185
44614800 -0.0185185
44616902 -0.264368
44623217 0.411765
44634555 -0.0185185
44646068 -0.0185185
44708681 -0.0185185
44719556 -0.0185185
44784092 -0.0185185
44812008 -0.00515464
44830004 -0.0185185
44835918 -0.00515464
44887818 -0.0185185
44888926 -5.20417e-17
44898140 -5.20417e-17
44923331 -0.153846
44984738 -0.0185185
44997458 -0.0185185
45023950 -5.20417e-17
45038496 -0.0185185
45039348 -0.0185185
45046613 0.107143
45063817 -0.0185185
45076185 -0.0185185
45092326 -5.20417e-17
45093375 -0.153846
45106340 -0.0526316
45118406 -0.153846
45123226 -5.20417e-17
45124145 -5.20417e-17
45125824 -0.0185185
45126641 -5.20417e-17
45134662 0.107143
45138644 -0.0185185
45151144 -0.195652
45152955 -5.20417e-17
45159972 -0.195652
45196404 -5.20417e-17
45203547 -5.20417e-17
45206877 -0.0185185
45211072 -0.0185185
45217127 -0.195652
45220925 -5.20417e-17
45228377 -0.0185185
45234169 -5.20417e-17
45235000 0.25
45243426 -5.20417e-17
45248843 -5.20417e-17
45253436 -5.20417e-17
45263747 -0.0185185
45282769 0.314159
45319510 0.274194
45385087 -0.0526316
45404915 -5.20417e-17
45439265 -5.20417e-17
45453167 -5.20417e-17
45496371 -5.20417e-17
45498843 -5.20417e-17
45534169 0.166667
45590673 -5.20417e-17
45643162 -0.136364
45712413 -5.20417e-17
