189697 -5.20417e-17
267080 0.5
269477 0.5
308323 0.4
320753 -5.20417e-17
354707 -0.25
355164 -0.25
356007 -0.264368
357865 -0.25
362338 -0.25
376437 -0.25
377386 -0.25
391230 -0.2
392182 -0.25
413904 -0.25
416678 -0.25
425307 -0.25
470735 -0.25
492668 -0.25
501436 -0.25
513090 -0.25
519148 -0.25
530864 -0.25
571450 -0.25
580177 -0.264368
615670 -0.25
619063 -0.25
621732 -0.25
636899 -5.20417e-17
643987 -5.20417e-17
662999 -0.25
664440 -0.25
687768 -0.2
690924 -0.2
708626 -0.25
747897 -0.25
787974 -0.25
829587 -0.25
834840 -5.20417e-17
864781 -5.20417e-17
904110 -5.20417e-17
1064086 -5.20417e-17
1073965 -5.20417e-17
1082231 -5.20417e-17
1087207 -5.20417e-17
1294444 -5.20417e-17
1305673 -5.20417e-17
1338920 -5.20417e-17
1363435 -5.20417e-17
1387432 -5.20417e-17
1402651 -5.20417e-17
1414037 0.25
1420216 -5.20417e-17
1422791 -5.20417e-17
1429502 -0.136364
1447883 -5.20417e-17
1452973 -5.20417e-17
1456784 -0.136364
1467401 -5.20417e-17
1499550 -5.20417e-17
1536295 -5.20417e-17
1546711 -5.20417e-17
1565350 -5.20417e-17
1608215 -5.20417e-17
1694427 -5.20417e-17
1714382 -5.20417e-17
1715795 -5.20417e-17
1723385 -5.20417e-17
1730391 -5.20417e-17
1779817 -5.20417e-17
1792382 -5.20417e-17
1818772 -5.20417e-17
1844910 -5.20417e-17
1909481 -5.20417e-17
1912182 -5.20417e-17
1941871 -5.20417e-17
2096898 -5.20417e-17
2098427 -5.20417e-17
2128406 -5.20417e-17
2129017 -5.20417e-17
2131309 -5.20417e-17
2141148 -5.20417e-17
2155046 0.107143
2160065 0.411765
2160626 -5.20417e-17
2186482 -5.20417e-17
2195337 0.411765
2201362 0.411765
2202411 0.411765
2211911 0.274194
2217986 0.25
2237431 0.107143
2240905 -5.20417e-17
2263561 -5.20417e-17
2275653 -5.20417e-17
2306000 -5.20417e-17
2319203 0.25
2321565 -0.136364
2362086 -0.153846
2370351 -0.153846
2380478 -0.153846
2380874 -0.264368
2402824 -0.153846
2408798 0.25
2409261 -0.134918
2414005 -0.25
2418484 0.25
2419489 -0.25
2422901 0.25
2423625 -0.25
2425050 -0.25
2430890 -0.25
2431475 -0.25
2438284 -0.25
2452744 -0.153846
2453238 -0.153846
2456953 -5.20417e-17
2468586 -5.20417e-17
2485630 -0.153846
2492277 -0.25
2492594 -0.25
2497529 -0.25
2500468 -5.20417e-17
2500761 -5.20417e-17
2501864 -0.153846
2510699 -5.20417e-17
2513653 -5.20417e-17
2539330 -5.20417e-17
2553448 -5.20417e-17
2572050 0.25
2573525 0.25
2597733 -5.20417e-17
2602324 -5.20417e-17
2630218 0.25
2644825 0.25
2662668 -5.20417e-17
2663815 -5.20417e-17
2671233 -5.20417e-17
2671836 -5.20417e-17
2688763 -5.20417e-17
2697863 -5.20417e-17
2731019 0.25
2753360 -5.20417e-17
2757522 0.25
2800784 0.25
2847825 -5.20417e-17
2854861 -5.20417e-17
2884236 0.25
2891491 0.25
2906735 0.25
2933830 0.25
2950757 -5.20417e-17
2954149 -5.20417e-17
2990144 -5.20417e-17
2992127 -5.20417e-17
3005531 -5.20417e-17
3012829 -5.20417e-17
3083563 0.25
3094261 -0.136364
3099291 -5.20417e-17
3118847 -0.136364
3154315 -0.25
3160233 0.107143
3161306 -0.25
3164428 0.25
3198693 0.25
3206926 0.25
3233524 -5.20417e-17
3244333 0.25
3244943 -5.20417e-17
3287941 -5.20417e-17
3306184 -0.25
3308425 -5.20417e-17
3312447 -0.25
3325372 0.25
3388708 -5.20417e-17
3399801 -5.20417e-17
3417572 0.25
3429474 0.25
3433472 0.25
3440376 -5.20417e-17
3451548 0.25
3461091 -5.20417e-17
3492430 -0.25
3496006 -0.280992
3518614 -5.20417e-17
3519000 -5.20417e-17
3532847 0.25
3566388 -5.20417e-17
3568184 -5.20417e-17
3593236 0.25
3595509 -5.20417e-17
3600119 -5.20417e-17
3611437 -0.25
3613873 -5.20417e-17
3626351 -5.20417e-17
3639524 -5.20417e-17
3644762 0.107143
3647965 -5.20417e-17
3669380 0.25
3675870 -5.20417e-17
3677520 0.25
3681824 0.25
3687958 0.25
3716209 -5.20417e-17
3768720 -0.153846
3775833 -0.25
3857335 -5.20417e-17
3892456 -5.20417e-17
3896442 -5.20417e-17
3901043 -5.20417e-17
3904615 0.5
3914528 -5.20417e-17
3923060 0.5
3924278 0.5
3933965 -5.20417e-17
3944171 -5.20417e-17
3946344 -5.20417e-17
3964645 -5.20417e-17
3976259 0.25
3999352 0.25
4005920 0.5
4036342 -5.20417e-17
4038779 -5.20417e-17
4042311 0.5
4044481 0.5
4050391 0.25
4054733 0.5
4063954 -5.20417e-17
4064268 -5.20417e-17
4085846 -5.20417e-17
4097240 -5.20417e-17
4098475 -5.20417e-17
4132170 -5.20417e-17
4162445 -5.20417e-17
4172284 -5.20417e-17
4189610 -5.20417e-17
4215340 -5.20417e-17
4251715 -5.20417e-17
4263778 -5.20417e-17
4312707 -5.20417e-17
4325534 -5.20417e-17
4332632 -5.20417e-17
4370351 -5.20417e-17
4391419 -5.20417e-17
4402197 -0.136364
4410927 -5.20417e-17
4418859 -5.20417e-17
4426891 -5.20417e-17
4466291 -5.20417e-17
4467354 -0.25
4469494 -0.264368
4472100 -0.136364
4473221 -0.136364
4477386 -0.136364
4478993 -0.136364
4499696 -0.136364
4500329 -0.136364
4519644 -0.25
4522862 -5.20417e-17
4527642 -5.20417e-17
4604270 -0.153846
4605513 -0.25
4697224 -0.153846
4707973 -0.153846
4714037 -0.153846
4715253 -0.153846
4749618 -0.136364
4752387 -0.136364
4759707 -0.136364
4772652 -0.136364
4779185 -0.136364
4815927 -0.280992
4837448 -0.153846
4855570 -0.153846
4862606 -0.153846
4872001 0.5
4873108 0.5
4875599 -0.153846
4913710 0.25
4918022 0.25
4918996 -0.153846
4928431 0.25
4937468 0.25
4938873 -5.20417e-17
4945392 0.5
4950825 0.25
4952261 0.25
4955428 -0.153846
4962641 -1.12757e-16
5021725 -5.20417e-17
5026987 -5.20417e-17
5042441 -5.20417e-17
5341262 0.5
5487527 -5.20417e-17
5493175 0.107143
5494950 -5.20417e-17
5525889 0.107143
5526213 0.107143
5620407 0.107143
5629436 0.107143
5718320 -5.20417e-17
5724189 -5.20417e-17
5817908 -0.153846
5824310 -0.153846
5826097 -0.153846
5888944 -0.153846
5898651 -0.153846
6470137 0.107143
6473018 0.107143
6477809 0.107143
6479344 0.107143
6512939 0.107143
6514005 0.107143
6734715 -5.20417e-17
6779679 -5.20417e-17
6849323 -5.20417e-17
6897356 -5.20417e-17
6909182 -5.20417e-17
6975843 -5.20417e-17
6993435 -5.20417e-17
7015860 0.107143
7094388 0.107143
7099140 0.107143
7114052 0.107143
7115634 0.107143
7117064 0.107143
7119530 0.107143
7140929 -0.25
7147645 0.107143
7161760 0.310345
7177639 0.107143
7184248 0.107143
7192677 0.107143
7193153 0.107143
7198559 4.16334e-17
7207903 0.310345
7208187 0.107143
7219872 0.107143
7242783 -0.0526316
7278282 0.107143
7282795 -0.25
7284284 0.107143
7285258 0.107143
7306444 0.107143
7316285 -0.153846
7370439 -0.25
7370747 -5.20417e-17
7380989 -5.20417e-17
7381488 -5.20417e-17
7420039 -5.20417e-17
7423483 -5.20417e-17
7487007 -5.20417e-17
7523398 -0.25
7525172 -0.25
7617093 0.107143
7618109 0.107143
7621647 0.107143
7740564 0.107143
7741232 0.107143
7744734 0.107143
7780465 0.107143
7783954 0.107143
7786337 0.107143
7803078 -0.0526316
7807745 -0.25
7839786 -5.20417e-17
7866918 -5.20417e-17
7876713 -5.20417e-17
7891052 -5.20417e-17
7902477 -0.280992
7909166 -0.25
7913612 -0.136364
7924918 -0.187801
7961686 -0.136364
7977660 -0.136364
7978775 -0.136364
8000983 -0.136364
8028879 -0.136364
8031021 -0.136364
8043027 -0.136364
8045204 -0.136364
8080597 -5.20417e-17
8082329 -0.25
8087135 -5.20417e-17
8088937 -5.20417e-17
8089223 -5.20417e-17
8112169 -0.25
8113182 -0.25
8125412 -0.25
8143935 -0.25
8144819 -0.25
8145255 -0.25
8149673 -0.25
8178483 -0.25
8194016 -0.25
8200271 -0.25
8208059 -0.25
8209257 -0.25
8210873 -0.25
8213130 -0.25
8253214 -0.25
8255165 -0.25
8291596 0.107143
8292422 0.107143
8296198 0.107143
8301738 0.107143
8308288 0.107143
8324468 0.107143
8335032 0.107143
8348236 0.107143
8543383 -5.20417e-17
8570692 -5.20417e-17
8575995 -5.20417e-17
8621032 0.107143
8629670 0.107143
8668599 -5.20417e-17
8672815 -0.280992
8685557 -0.25
8842317 -5.20417e-17
8843808 -5.20417e-17
8892748 -5.20417e-17
9075599 -0.25
9077708 -0.25
9079880 -0.25
9080531 -0.25
9094608 -0.25
9095955 -0.25
9107331 -0.25
9113794 -0.25
9149565 -0.25
9153064 -0.25
9158188 -0.25
9225234 -0.25
9234863 -0.25
9239501 -0.25
9254360 -0.25
9270583 -0.25
9319718 -0.25
9326097 -0.25
9327228 -0.25
9327897 -0.25
9338171 -0.25
9339018 -0.25
9384325 -0.25
9399802 -0.25
9418936 -5.20417e-17
9449414 -5.20417e-17
9458973 0.107143
9486979 -5.20417e-17
9489326 -5.20417e-17
9493425 -0.153846
9567474 -5.20417e-17
9603910 -5.20417e-17
9800344 -5.20417e-17
9802163 -5.20417e-17
9812734 -5.20417e-17
9817286 -5.20417e-17
9820001 0.107143
10112032 -5.20417e-17
10255609 -5.20417e-17
10510508 -0.136364
10523743 -0.136364
10995780 -0.166667
11003712 0.107143
11051212 -5.20417e-17
11051747 0.411765
11054156 -5.20417e-17
11058873 -5.20417e-17
11059911 0.411765
11067418 -5.20417e-17
11080989 -5.20417e-17
11095491 -5.20417e-17
11222946 -5.20417e-17
11267188 -5.20417e-17
11339545 -5.20417e-17
11345920 -5.20417e-17
11379945 -5.20417e-17
11383688 -5.20417e-17
11404483 -5.20417e-17
11456535 -5.20417e-17
11459578 -5.20417e-17
11463486 -5.20417e-17
11482490 -5.20417e-17
11484779 0.25
11485633 0.25
11488123 0.25
11488947 0.25
11489930 0.25
11498977 0.25
11500317 0.25
11501624 0.25
11504376 0.25
11517052 0.25
11533954 0.25
11563866 0.25
11576799 0.25
11589566 0.25
11636152 0.25
11636681 0.25
11681799 0.25
11690090 0.25
11780546 -5.20417e-17
11792205 0.25
11836449 0.25
11842711 0.25
11871864 -5.20417e-17
11876279 -5.20417e-17
11900152 -5.20417e-17
11939547 -5.20417e-17
12029252 -0.136364
12058344 0.25
12110222 0.25
12112038 0.25
12123027 0.25
12127687 0.25
12128041 0.25
12129011 0.25
12129970 0.25
12149402 0.25
12229511 -0.25
12238600 -0.25
12246989 -0.25
12259559 -0.25
12313514 -0.25
12409514 -0.25
12422779 -0.25
12468406 -5.20417e-17
12491227 -0.280992
12503786 -0.25
12510579 -5.20417e-17
12540814 -0.25
12580848 -0.25
12649595 -0.25
12651804 -0.184211
12653658 -0.25
12744231 -0.25
12829873 -0.111111
12864946 -0.25
12874541 -0.25
12878614 -0.25
12882545 -0.25
12885450 -0.25
12890906 -0.25
12893268 -0.25
12947085 -5.20417e-17
12948012 -5.20417e-17
12959398 -1.12757e-16
12973793 -5.20417e-17
12977976 -5.20417e-17
12980863 -5.20417e-17
12989908 -5.20417e-17
12990725 -5.20417e-17
13020777 0.166667
13027432 -5.20417e-17
13037861 -0.25
13087010 -0.25
13089252 -0.25
13092426 -0.25
13105037 -0.25
13112981 -0.25
13117006 -0.25
13118334 -0.25
13120711 0.5
13172295 0.25
13222102 0.25
13225475 0.25
13232243 0.411765
13249076 0.411765
13255142 0.411765
13259283 -0.136364
13309180 0.5
13313550 0.5
13314820 0.5
13318977 0.5
13324430 0.5
13325226 0.310345
13325868 0.5
13326687 0.5
13327406 0.5
13340639 0.5
13342221 0.5
13343256 0.5
13344285 0.5
13360905 0.5
13373851 0.5
13392503 0.411765
13393331 0.411765
13397230 0.411765
13398617 0.411765
13400574 0.411765
13400986 0.274194
13411475 0.5
13437736 0.5
13443394 0.5
13452352 0.5
13455842 0.5
13460241 0.5
13482018 0.25
13489411 -5.20417e-17
13604942 -0.136364
13607939 -0.136364
13769942 -0.136364
13806139 -5.20417e-17
13831422 -0.136364
13832832 -0.136364
13837433 -0.136364
13838067 -0.136364
13838811 -0.136364
13875039 -5.20417e-17
13908372 -5.20417e-17
13919604 -5.20417e-17
13953717 -5.20417e-17
13998665 -5.20417e-17
14012944 -5.20417e-17
14024974 -5.20417e-17
14347161 0.4
14372092 0.25
14519436 0.25
15258296 -0.136364
15282143 -0.136364
15598519 0.0625
15637177 -5.20417e-17
15691784 0.0625
15940516 -5.20417e-17
15981374 -5.20417e-17
16092440 -5.20417e-17
16305358 -5.20417e-17
16429056 0.166667
16648683 -5.20417e-17
17360912 0.166667
17552383 0.0625
17603614 -5.20417e-17
17760069 -5.20417e-17
17941108 -5.20417e-17
17985692 -5.20417e-17
18015540 -5.20417e-17
18087588 -5.20417e-17
18114152 -5.20417e-17
18425185 -5.20417e-17
18456852 -5.20417e-17
18555401 -5.20417e-17
18721130 -5.20417e-17
18790751 -5.20417e-17
19275600 -5.20417e-17
19436102 -5.20417e-17
19477959 -5.20417e-17
19503588 -5.20417e-17
19597290 -5.20417e-17
19688686 -5.20417e-17
19731255 -5.20417e-17
19762979 0.0625
19877566 -5.20417e-17
19908675 -5.20417e-17
20023244 -5.20417e-17
20050238 -0.280992
20106809 -5.20417e-17
20145384 -5.20417e-17
20172252 -5.20417e-17
20258856 -5.20417e-17
20337427 -5.20417e-17
20454583 -5.20417e-17
20496673 -5.20417e-17
20555003 -5.20417e-17
20581468 -5.20417e-17
20656792 -5.20417e-17
20819338 -5.20417e-17
20880425 -5.20417e-17
21002317 -0.0526316
21060274 -5.20417e-17
21153904 -5.20417e-17
21427591 -0.25
21453887 0.166667
21490984 -5.20417e-17
21577158 -5.20417e-17
21595176 -5.20417e-17
21853752 -5.20417e-17
21893851 -5.20417e-17
22040700 -5.20417e-17
22290577 -5.20417e-17
22615852 -5.20417e-17
22673360 -5.20417e-17
22755657 -5.20417e-17
22815764 -5.20417e-17
22932063 -5.20417e-17
23034677 -5.20417e-17
23192082 -5.20417e-17
23236006 -0.25
23263916 -5.20417e-17
23292113 -5.20417e-17
23400744 -0.153846
23439441 -5.20417e-17
23469087 -5.20417e-17
23629983 -5.20417e-17
23721038 -5.20417e-17
23772962 -5.20417e-17
23797466 -5.20417e-17
23885138 -5.20417e-17
23912402 -5.20417e-17
23963800 -0.25
24001309 -0.136364
24040547 -0.136364
24094514 -0.136364
24230868 -0.25
24338346 -0.25
24483985 -5.20417e-17
24511192 -0.25
24601913 -0.153846
24682447 -5.20417e-17
24861769 -5.20417e-17
24925330 -0.25
25189393 -0.25
25351228 -5.20417e-17
25436678 -5.20417e-17
25468415 -5.20417e-17
25501168 -0.184211
25655805 -5.20417e-17
25991602 -0.136364
26178260 -5.20417e-17
26272528 -0.25
26306126 -5.20417e-17
26362187 -5.20417e-17
26438607 -0.25
26526482 -5.20417e-17
26673838 -5.20417e-17
26745329 -5.20417e-17
26795912 -5.20417e-17
26901671 -5.20417e-17
26927379 -5.20417e-17
26969951 -5.20417e-17
27080771 -5.20417e-17
27131828 -0.25
27168909 -0.153846
27193708 -5.20417e-17
27234256 -5.20417e-17
27299328 -0.25
27383311 -0.280992
27441790 -5.20417e-17
27472586 -5.20417e-17
27545144 -5.20417e-17
27598111 -0.25
27622946 -5.20417e-17
27653160 -5.20417e-17
27762766 -5.20417e-17
27808970 -5.20417e-17
27871580 -5.20417e-17
27916000 -5.20417e-17
27967952 -0.25
28119133 -5.20417e-17
28177966 -5.20417e-17
28203907 -0.25
28357808 -5.20417e-17
28431369 -0.25
28473159 -0.136364
28523512 -0.25
28553697 -0.156417
28671700 -0.184211
28757943 -0.184211
28790851 0.0625
28842708 -0.25
28887667 -5.20417e-17
28918771 -0.25
28981807 -0.280992
29018713 -5.20417e-17
29060445 -5.20417e-17
29218384 -0.25
29354993 -0.25
29402559 -5.20417e-17
29764863 -5.20417e-17
29813346 -0.25
29932281 -0.25
30061326 -0.25
30127889 -5.20417e-17
30155651 -0.136364
30200977 -5.20417e-17
30231001 -5.20417e-17
30274009 -0.226415
30308238 -0.136364
30350560 -5.20417e-17
30428322 -0.136364
30501943 -5.20417e-17
30664590 -0.25
30704230 -5.20417e-17
30736927 -0.136364
30815457 -0.136364
30872289 -0.136364
30921457 -0.153846
30978612 -0.136364
31017450 -5.20417e-17
31147351 -5.20417e-17
31194333 -5.20417e-17
31246808 -0.136364
31296403 -5.20417e-17
31347297 -0.136364
31461467 -0.136364
31505264 -0.136364
31742522 -0.25
31794022 -0.25
31966691 -5.20417e-17
31998882 0.0625
32037371 -0.136364
32084845 -0.136364
32117950 -0.226415
32189445 -0.136364
32217942 -0.136364
32244471 -0.136364
32295875 -0.136364
32357833 -0.136364
32471563 -5.20417e-17
32513924 -5.20417e-17
32559017 -5.20417e-17
32614347 -0.25
32656784 -0.136364
32773494 -0.136364
32820957 -0.136364
32872153 -5.20417e-17
32900171 -5.20417e-17
32967012 -0.153846
33008592 -0.136364
33034707 -0.136364
33092924 -5.20417e-17
33244713 -5.20417e-17
33271188 -5.20417e-17
33296574 -5.20417e-17
33331824 -0.25
33459845 -5.20417e-17
33515060 -0.25
33574931 -5.20417e-17
33652840 -0.25
33689904 -0.25
33886906 -0.25
33910535 -5.20417e-17
33935015 -0.25
33972170 -0.25
34025532 -0.25
34088370 -5.20417e-17
34163748 -0.153846
34209114 -0.153846
34253096 -0.153846
34338613 -0.153846
34386619 -5.20417e-17
34466883 -5.20417e-17
34621934 -5.20417e-17
34801047 -5.20417e-17
34841013 -0.153846
34868589 -5.20417e-17
34930343 -0.153846
34970142 -5.20417e-17
35064546 -0.25
35153323 -0.153846
35187326 -0.25
35279352 -0.25
35347020 -0.25
35444212 -0.25
35596922 -5.20417e-17
35645623 -0.25
35709384 -0.25
35709844 -5.20417e-17
35735621 -5.20417e-17
35783519 -5.20417e-17
35785903 -5.20417e-17
35792624 -0.153846
35852647 -0.25
35856487 -5.20417e-17
35860169 -5.20417e-17
35938153 -0.25
36093358 0.107143
36094194 0.107143
36104755 -0.25
36118829 0.107143
36119490 0.107143
36120257 0.107143
36121230 0.107143
36124484 0.107143
36125634 0.107143
36126685 -0.153846
36153183 -0.25
36155823 -0.136364
36164562 0.107143
36165422 -5.20417e-17
36165859 0.107143
36172669 -0.136364
36173802 -0.25
36178610 -0.136364
36179281 -0.136364
36179898 -0.25
36180745 -0.136364
36184699 -0.136364
36186042 -5.20417e-17
36201199 -5.20417e-17
36202091 0.107143
36204478 -0.280992
36208688 0.107143
36210059 0.107143
36211207 0.107143
36217902 -0.153846
36220575 -0.136364
36220997 -0.25
36224507 -0.136364
36227875 -0.25
36229737 -0.136364
36230775 -0.25
36235491 -5.20417e-17
36236743 0.047619
36239324 -0.136364
36242266 -0.136364
36253917 0.107143
36289205 0.107143
36298874 -0.25
36302635 -0.25
36303259 -0.25
36303873 -5.20417e-17
36307926 -0.25
36311720 -0.153846
36312506 -0.153846
36324311 -5.20417e-17
36381618 0.107143
36393810 0.107143
36396330 0.107143
36398362 -5.20417e-17
36411792 0.107143
36424594 -5.20417e-17
36430267 -5.20417e-17
36430597 -5.20417e-17
36431102 -5.20417e-17
36431679 -5.20417e-17
36432045 -5.20417e-17
36432596 -5.20417e-17
36432998 -5.20417e-17
36436980 -5.20417e-17
36438308 -5.20417e-17
36438798 -5.20417e-17
36439091 -5.20417e-17
36440570 -5.20417e-17
36445010 -5.20417e-17
36446011 0.107143
36446719 -5.20417e-17
36448140 -5.20417e-17
36481755 -5.20417e-17
36489343 -5.20417e-17
36491673 0.107143
36510186 -5.20417e-17
36511507 -5.20417e-17
36511883 -5.20417e-17
36512860 -5.20417e-17
36513552 -5.20417e-17
36514311 -5.20417e-17
36514850 -5.20417e-17
36515138 -5.20417e-17
36519722 0.25
36524921 0.5
36526218 0.194631
36554357 0.25
36557081 -0.25
36567440 -5.20417e-17
36577453 -5.20417e-17
36583136 -0.136364
36606920 -0.136364
36607669 -0.136364
36608355 -0.136364
36609278 -0.136364
36615265 -0.136364
36615562 -0.136364
36622392 -0.136364
36623163 -0.136364
36645375 -0.195652
36648091 -0.195652
36659862 -0.136364
36663362 -0.226415
36666722 -0.136364
36668974 -0.136364
36673107 -0.136364
36674128 -0.136364
36675204 -0.184211
36675719 -0.136364
36676070 -0.136364
36714072 -5.20417e-17
36724807 -0.25
36725348 -0.136364
36726918 -0.136364
36727688 -0.136364
36727996 -0.136364
36729182 -0.136364
36729751 -0.195652
36730253 -0.136364
36730670 -0.184211
36739648 -5.20417e-17
36744319 -5.20417e-17
36750791 -0.136364
36757117 -5.20417e-17
36757943 -0.280992
36765367 -0.25
36787243 -0.25
36791343 -0.136364
36805689 -0.136364
36806036 -0.136364
36806435 -0.25
36806823 -0.25
36811975 -0.136364
36812723 -0.226415
36839471 -0.136364
36843378 -0.136364
36853701 -0.25
36864973 -0.136364
36865879 -0.184211
36870952 -0.280992
36913393 -0.25
36913821 -0.136364
36914314 -0.136364
36915046 -0.25
36917512 -0.25
36926025 -5.20417e-17
36929932 -5.20417e-17
36930547 -5.20417e-17
36936155 -5.20417e-17
36937853 -5.20417e-17
36999089 -5.20417e-17
37003172 -5.20417e-17
37004169 -5.20417e-17
37014645 -0.136364
37019767 -0.25
37021401 -0.136364
37022561 -0.136364
37031271 -0.136364
37032293 -0.136364
37035837 -0.25
37039145 -0.136364
37046845 -0.136364
37047238 -0.136364
37073138 -0.25
37074232 -5.20417e-17
37084674 -0.136364
37086489 -0.0526316
37088556 -0.136364
37092079 -0.136364
37093778 -0.25
37097907 -0.25
37102731 -0.136364
37116815 -0.25
37129966 -5.20417e-17
37130270 -0.280992
37140415 -0.136364
37167601 -0.25
37171547 -5.20417e-17
37190607 -0.153846
37479587 -0.136364
37480257 -0.136364
37497877 -0.136364
37546643 -0.25
37553627 -0.25
37590070 -0.153846
37591762 -0.153846
37592059 -0.153846
37615577 -0.25
37681142 -5.20417e-17
37695284 -0.25
37697148 -0.25
37707300 -5.20417e-17
37707950 -5.20417e-17
37722302 -5.20417e-17
37726271 -5.20417e-17
37744962 -0.25
37745344 -5.20417e-17
37747049 -5.20417e-17
37747767 -5.20417e-17
37748155 -5.20417e-17
37750369 -5.20417e-17
37753218 -5.20417e-17
37753609 -5.20417e-17
37759500 -0.25
37764692 -5.20417e-17
37772369 -0.25
37780045 -0.25
37781272 -0.25
37793768 -0.25
37804764 -5.20417e-17
37806029 -0.25
37809577 -5.20417e-17
37826455 -0.153846
37828170 -0.153846
37832083 -0.25
37838271 -0.25
37853659 -0.25
37874374 -0.25
37875586 -0.25
37876098 -0.25
37876463 -0.25
37877925 -0.25
37878244 -0.25
37879049 -0.25
37879637 -0.25
37909419 -0.25
37910281 -0.25
37911776 -0.25
37912194 -0.25
37913154 -0.25
37927751 -0.25
37931148 -0.25
37933267 -0.25
37942927 -0.25
37961028 -0.25
37990017 -0.25
37990500 -0.25
38045278 -0.25
38045773 -0.25
38046336 -0.25
38046907 -0.25
38047643 -0.25
38048283 -0.25
38048752 -0.25
38049541 -0.25
38051223 -0.25
38055695 -0.25
38056689 -0.25
38061300 -0.25
38061770 -0.25
38062321 -0.25
38062633 -0.25
38069333 -0.25
38074800 -0.25
38077262 -0.25
38085466 -0.25
38087993 -0.25
38089014 -0.25
38123906 -0.25
38125387 -0.25
38127081 -0.264368
38134746 -0.25
38149576 -0.25
38154457 -0.25
38169190 -0.25
38173476 -0.25
38174062 -0.25
38174775 -0.25
38179455 -0.25
38182746 -0.25
38186728 -0.25
38187130 -0.25
38188156 -0.25
38188910 -0.25
38190138 -0.25
38203452 -0.25
38204364 -0.25
38208179 -0.25
38210384 -0.25
38211075 -0.25
38219237 -0.25
38226185 -0.25
38245848 -0.25
38247877 -0.25
38262214 -0.25
38266736 -0.25
38271254 -0.25
38309629 -0.25
38340761 -0.25
38356336 -0.25
38370741 -5.20417e-17
38451554 -5.20417e-17
38456571 -5.20417e-17
38503409 -5.20417e-17
38573572 -0.25
38574470 -0.25
38574947 -0.25
38575268 -0.25
38576663 -0.25
38577404 -0.25
38594123 -5.20417e-17
38594597 -5.20417e-17
38594926 -5.20417e-17
38595365 -5.20417e-17
38595915 -5.20417e-17
38654233 -5.20417e-17
38757540 -5.20417e-17
38764585 -5.20417e-17
38768040 -5.20417e-17
38773735 -5.20417e-17
38807749 -0.25
38811403 -0.25
38882864 -5.20417e-17
38909969 -5.20417e-17
38930451 -5.20417e-17
38931255 -0.25
38942962 -0.136364
38944808 -0.136364
38968280 -0.25
39007518 0.25
39009829 -0.136364
39014051 -0.136364
39019814 -0.136364
39042519 -5.20417e-17
39052372 -0.25
39080568 -5.20417e-17
39083133 -5.20417e-17
39113097 -0.25
39120404 -5.20417e-17
39123666 -5.20417e-17
39140960 -5.20417e-17
39144694 -0.25
39154316 -0.25
39189902 -5.20417e-17
39204594 -0.25
39208818 -0.25
39211320 -0.25
39212198 -0.25
39212524 -0.25
39257059 -0.25
39262513 -0.25
39271107 -0.25
39280546 -0.25
39284927 -0.25
39308794 -0.25
39312979 -0.25
39327891 -0.25
39342635 -5.20417e-17
39350335 -0.136364
39364452 -0.153846
39376565 -0.25
39416220 -0.153846
39426610 -0.153846
39430822 -5.20417e-17
39450816 -5.20417e-17
39481935 -0.25
39484566 -0.25
39503300 -0.25
39507100 -0.153846
39521449 -0.153846
39522118 -5.20417e-17
39524158 -0.2
39528940 -0.195652
39564515 -0.25
39578688 -0.25
39584491 -5.20417e-17
39603760 -0.25
39615478 -0.25
39617509 -0.25
39621282 -0.25
39633515 -0.25
39649025 -0.184211
39658476 -0.2
39672744 4.16334e-17
39720641 -5.20417e-17
39723201 -0.136364
39732032 -0.25
39744800 -0.2
39745942 -0.25
39746697 -0.0185185
39756101 -0.184211
39759265 -0.136364
39773843 -5.20417e-17
39774449 -5.20417e-17
39776680 -5.20417e-17
39777053 -1.12757e-16
39826609 0.047619
39834401 -0.195652
39835317 -0.2
39858845 -0.195652
39879571 -5.20417e-17
39884351 -0.25
39906257 -0.2
39917522 -0.2
39924947 -0.2
39938699 -0.25
39940963 -0.25
40051846 -0.25
40065156 -0.25
40068238 -0.136364
40068686 -0.153846
40082518 -0.136364
40085913 -0.25
40126120 -0.25
40131175 -0.25
40132771 -0.25
40185759 0.047619
40195826 -0.184211
40210707 -0.195652
40212180 -0.195652
40215962 -0.25
40219349 -0.25
40260692 4.16334e-17
40267171 -5.20417e-17
40272132 -5.20417e-17
40316317 -0.25
40328244 -0.153846
40353884 -0.153846
40361938 -5.20417e-17
40386225 -5.20417e-17
40392823 -0.136364
40408333 -5.20417e-17
40410264 -5.20417e-17
40423701 -5.20417e-17
40561123 -0.2
40565450 -0.25
40570757 0.194631
40575507 -0.25
40583423 -0.264368
40584324 -0.254603
40589313 -0.25
40602894 -0.153846
40607878 -5.20417e-17
40610052 -0.0185185
40625594 -0.280992
40630926 -5.20417e-17
40634201 -0.2
40635715 -0.226415
40649315 -0.2
40688330 -0.25
40689599 -0.136364
40704892 -0.25
40705987 -0.25
40717292 -0.136364
40722926 -0.25
40734165 -0.25
40740596 -0.195652
40744377 -0.2
40749397 -0.0185185
40776594 0.274194
40781392 0.274194
40788190 -5.20417e-17
40791076 -0.25
40796709 -0.136364
40806507 -0.226415
40829472 -5.20417e-17
40847339 -5.20417e-17
40849700 -5.20417e-17
40866263 0.25
40887654 -5.20417e-17
40908280 -0.184211
40908836 4.16334e-17
40914215 -0.184211
40935537 -0.184211
40936518 -0.25
40939386 -0.25
40970920 -0.25
40976357 -5.20417e-17
41052244 -5.20417e-17
41098767 0.166667
41197113 -0.25
41201978 -0.25
41202927 -5.20417e-17
41215021 -0.136364
41223428 4.16334e-17
41229369 -0.2
41254252 -5.20417e-17
41259517 -0.184211
41275983 -0.25
41302725 -0.153846
41307855 -0.0185185
41319215 0.310345
41346252 0.594595
41346575 -5.20417e-17
41374472 0.594595
41388081 0.411765
41390155 0.310345
41405479 0.537299
41407995 0.25
41433652 0.594595
41434030 0.047619
41440620 0.452055
41454646 0.310345
41457489 0.310345
41467030 -5.20417e-17
41570499 -5.20417e-17
41600558 -0.153846
41616549 -5.20417e-17
