17705 -0.25
21989 -0.226415
31907 -5.20417e-17
35901 -0.136364
63226 -0.254603
86630 -0.136364
104375 -0.136364
107548 -0.136364
117451 -5.20417e-17
120359 -5.20417e-17
124069 -0.136364
127263 -5.20417e-17
128421 -0.136364
132224 -0.25
147071 -0.136364
171230 -0.25
176202 -5.20417e-17
226706 -0.25
242884 -0.136364
263513 -0.136364
400503 -0.25
409165 -0.25
421061 -0.136364
429961 -5.20417e-17
432285 -5.20417e-17
432658 -5.20417e-17
432814 -0.0526316
438461 -5.20417e-17
439295 -5.20417e-17
441999 -5.20417e-17
482973 -0.280992
486592 -0.136364
490999 -0.136364
577492 -0.136364
580183 -0.25
589586 -0.136364
613147 -0.25
623288 -0.136364
676727 -5.20417e-17
703183 -5.20417e-17
714367 -0.136364
776003 0
802354 -5.20417e-17
847393 -5.20417e-17
869979 -5.20417e-17
875796 -5.20417e-17
925282 -5.20417e-17
1064453 -0.25
1065269 -0.25
1102059 -5.20417e-17
1170503 -5.20417e-17
1196794 -5.20417e-17
1233883 -0.25
1246219 -5.20417e-17
1261633 -0.25
1316524 -0.25
1333289 -0.25
1348491 -0.299213
1355856 -0.25
1373262 -0.25
1403993 -0.25
1530847 -0.25
1599657 -5.20417e-17
1599720 -0.153846
1600449 -5.20417e-17
1600849 -0.153846
1601655 -5.20417e-17
1602125 -1.12757e-16
1626832 -0.264368
1629870 -0.136364
1630295 4.16334e-17
1666776 -0.25
1701767 -0.136364
1720815 -0.136364
1733305 -0.136364
2000475 -0.136364
2054710 -5.20417e-17
2100402 -0.136364
2100501 -0.136364
2119662 -0.25
2120062 -0.25
2124435 -0.136364
2127611 -5.20417e-17
2130530 -0.25
2133639 -0.25
2139177 -0.25
2150650 -0.25
2175770 -0.136364
2177285 -0.136364
2219784 -5.20417e-17
2219905 -5.20417e-17
2244598 -5.20417e-17
2630521 -0.25
2633828 -0.264368
2634942 -0.25
2634990 -0.25
2638352 -0.25
2666827 -0.2
2677716 -0.226415
2688621 -0.226415
2690898 -0.195652
2690936 -0.25
2758456 -0.226415
3245369 -0.153846
3258812 -0.00515464
3274480 -0.00515464
3284940 -0.153846
3285002 -0.00515464
3295996 -0.00515464
3298310 -0.153846
3331159 -0.25
3341264 -5.20417e-17
3393766 -0.153846
3396223 -0.153846
3398281 -0.25
3398869 -0.153846
3409658 -5.20417e-17
3433631 -0.153846
3441177 -0.153846
3441553 -0.153846
3650644 -0.25
3764301 -5.20417e-17
3866567 -0.25
4104444 0.107143
4143532 0.107143
4143672 0.107143
4143865 0.107143
4144018 0.274194
4144047 0.107143
4144927 -0.0185185
4145025 0.274194
4157664 0.107143
4179721 -0.153846
4179923 -0.153846
4187007 0.274194
4225960 -0.153846
4231461 0.107143
4235890 0.107143
4253165 -0.00515464
4255198 -0.153846
4259267 -0.153846
4268786 -0.153846
4298630 -0.153846
4318707 -0.257962
4321689 -0.153846
4325428 -0.0185185
4330479 -0.0185185
4337998 -0.153846
4338153 -0.25
4338327 -0.153846
4338907 -0.00515464
4339089 -0.153846
4354625 -0.25
4413275 -0.153846
4418072 -0.153846
4456607 -5.20417e-17
4462645 -5.20417e-17
4563815 -0.25
4568605 -0.25
4576207 -0.25
4585669 -0.226415
4586936 -0.226415
4602873 -1.12757e-16
4611787 -0.136364
4642130 -0.25
4667872 -0.25
4712175 0.0625
4741342 0.25
4786606 0.25
4806173 0.25
4811037 0.25
4811193 0.25
4817497 0.25
4817698 0.25
4822760 0.25
4826999 0.25
4827072 0.25
4832104 0.25
4834095 0.25
4849215 -0.153846
4855546 -0.2
4855707 -0.153846
4869122 0.25
4875880 0.25
4909559 -0.264368
4948302 0.25
4971452 0.25
5011270 0.25
5012228 0.25
5047862 -0.136364
5060627 -0.136364
5074720 -5.20417e-17
5090267 -5.20417e-17
5105219 -5.20417e-17
5106306 -5.20417e-17
5111376 -5.20417e-17
5113030 -5.20417e-17
5113332 -5.20417e-17
5114384 -5.20417e-17
5114562 -5.20417e-17
5124165 -5.20417e-17
5132968 -5.20417e-17
5228368 -0.136364
5240969 -0.136364
5241253 -0.136364
5248257 -0.25
5262636 -0.136364
5265846 -0.25
5268104 -0.25
5275804 -5.20417e-17
5280154 -0.25
5291557 -0.153846
5296497 -0.25
5297684 -0.25
5303401 -0.136364
5307414 -0.136364
5312223 -0.136364
5419617 -5.20417e-17
5545123 0.393939
5552573 -5.20417e-17
5569738 -5.20417e-17
5610601 0.25
5658978 0.5
5670312 0.5
5683306 0.5
5747839 0.310345
5747930 0.5
5782132 0.5
5800217 0.5
5801255 0.5
5854753 0.5
5858427 0.5
5865872 0.5
5884935 0.5
5992400 0.5
5993547 0.310345
5993694 0.5
6000835 0.5
6056940 -0.264368
6103491 -0.00515464
6106501 -0.2
6123545 -5.20417e-17
6144190 -5.20417e-17
6235094 -5.20417e-17
6242845 -0.25
6259127 -5.20417e-17
6270029 -5.20417e-17
6297386 -5.20417e-17
6342443 -0.136364
6485300 0.25
6506375 0.25
6523082 0.25
6565408 0.25
6584545 0.166667
6629510 0.25
6635099 0.25
6660056 0.25
6662674 0.25
6672904 0.25
6681036 0.25
6708408 0.25
6708623 0.25
6715111 0.25
6715228 0.25
6718778 0.25
6775170 0.25
6785247 0.25
6790392 0.0316901
6792518 0.25
6801538 0.25
6801771 0.25
6801854 0.25
6819471 0.25
6870322 0.0316901
6877244 0.0625
6880447 0.166667
6892766 0.0625
6892876 0.25
6892910 0.25
6900048 0.25
6909839 0.25
6911717 0.0625
6912391 0.0952207
6916605 0.25
7130448 -0.136364
7143691 0.25
7181102 0.25
7253927 0.25
7261968 -0.25
7263692 -0.25
7272601 -5.20417e-17
7299608 -0.25
7312006 -5.20417e-17
7333019 -5.20417e-17
7333617 -5.20417e-17
7333673 -5.20417e-17
7333787 -5.20417e-17
7333951 -5.20417e-17
7338586 -5.20417e-17
7341736 -0.25
7356607 -5.20417e-17
7364550 -5.20417e-17
7368580 0.0625
7386704 -5.20417e-17
7399475 -5.20417e-17
7405425 -0.25
7405714 -0.136364
7412283 -5.20417e-17
7422319 -5.20417e-17
7422704 -5.20417e-17
7422830 -5.20417e-17
7423258 -5.20417e-17
7424174 -5.20417e-17
7424679 -5.20417e-17
7425329 -5.20417e-17
7429692 -0.136364
7429753 -0.25
7430196 -0.136364
7442346 -0.0526316
7447976 -5.20417e-17
7448310 -0.136364
7449843 -0.136364
7454653 0.25
7455506 -5.20417e-17
7465799 -0.136364
7504981 0.25
7606123 0.25
7636733 0.25
7671209 -0.25
7673775 -5.20417e-17
7678945 0.25
7724338 -0.25
7753142 -5.20417e-17
7763083 -5.20417e-17
7763295 -0.136364
7763435 -0.25
7763927 -0.136364
7767563 -0.25
7810618 -5.20417e-17
7815177 -5.20417e-17
7854392 -0.25
7856756 -5.20417e-17
7869015 -0.264368
7894379 -0.25
7919623 -0.25
7945234 0.310345
7980980 -0.25
7994204 -0.25
8006596 -0.25
8007502 -0.153846
8009647 -0.25
8011729 -0.25
8022246 -0.25
8027941 -0.25
8041050 4.16334e-17
8050285 -0.25
8050454 -0.25
8050544 -0.25
8062398 -0.25
8067528 -0.25
8068715 -0.25
8093449 -0.25
8100166 0.25
8100210 0.25
8100260 -0.25
8102800 -0.136364
8105425 -0.25
8106372 -0.0526316
8109819 -0.25
8144627 -5.20417e-17
8148438 -0.25
8150055 -0.25
8158166 -0.25
8181926 -0.25
8188372 -0.25
8192858 -5.20417e-17
8195937 -0.136364
8210636 -0.25
8215544 -0.25
8229462 -0.136364
8247504 -0.136364
8262915 -0.25
8264638 -0.25
8293886 -5.20417e-17
8373769 -5.20417e-17
8510147 -5.20417e-17
8532010 -5.20417e-17
8534247 -5.20417e-17
8567240 -5.20417e-17
8567954 -5.20417e-17
8569798 -5.20417e-17
8596926 -5.20417e-17
8653315 -5.20417e-17
8860317 -5.20417e-17
8876028 -5.20417e-17
8962042 -0.25
8970744 -0.153846
8979943 -0.25
8980101 -0.25
9019802 -5.20417e-17
9057723 -0.25
9081988 -5.20417e-17
9083067 -5.20417e-17
9198272 -0.153846
9204604 -0.153846
9204696 -0.153846
9205625 -0.153846
9360967 -0.25
9361120 -0.25
9361151 -0.25
9361193 -0.25
9374963 -0.184211
9387615 -5.20417e-17
9421766 -5.20417e-17
9462961 0.411765
9462989 0.411765
9473024 -5.20417e-17
9925631 -0.25
9941295 -0.25
9942634 -0.280992
9942726 -0.226415
9949486 -0.25
9993857 0.0316901
10335436 -5.20417e-17
10350509 -5.20417e-17
10368744 -5.20417e-17
10391700 -5.20417e-17
10391752 -5.20417e-17
10457269 -5.20417e-17
10477945 -5.20417e-17
10752462 -5.20417e-17
10924227 -5.20417e-17
11031273 -5.20417e-17
11032954 -5.20417e-17
11087536 -5.20417e-17
11120820 -5.20417e-17
11133013 -5.20417e-17
11192462 -5.20417e-17
11214061 0.107143
11214137 -0.153846
11249766 -0.25
11310961 -5.20417e-17
11311013 -5.20417e-17
11311777 -5.20417e-17
11312463 0.25
11358906 0.107143
11390020 -0.226415
11394196 -5.20417e-17
11394403 -5.20417e-17
11428446 -5.20417e-17
11428526 -5.20417e-17
11428911 -5.20417e-17
11434509 -0.153846
11445377 0.25
11446729 0.25
11449511 0.25
11453656 -5.20417e-17
11453794 0.25
11461552 0.25
11479041 0.25
11503267 -5.20417e-17
11504868 -5.20417e-17
11522673 -5.20417e-17
11530641 -5.20417e-17
11533545 -5.20417e-17
11533603 -5.20417e-17
11533642 -5.20417e-17
11533750 -5.20417e-17
11541270 -5.20417e-17
11542956 -5.20417e-17
11549548 -5.20417e-17
11553080 -5.20417e-17
11556057 -5.20417e-17
11556646 -5.20417e-17
11557499 -5.20417e-17
11557544 -5.20417e-17
11557739 -5.20417e-17
11561814 -5.20417e-17
11568471 -5.20417e-17
11572819 -5.20417e-17
11599114 -5.20417e-17
11608072 -5.20417e-17
11627441 -5.20417e-17
11627992 -5.20417e-17
11628386 -5.20417e-17
11664629 -5.20417e-17
11705698 0.25
11717504 0.25
11719502 0.25
11751928 0.25
11869295 -5.20417e-17
11884947 -5.20417e-17
11983839 -5.20417e-17
12017156 -5.20417e-17
12054598 -5.20417e-17
12075895 -5.20417e-17
12109641 -5.20417e-17
12140591 -5.20417e-17
12164306 -5.20417e-17
12195436 -5.20417e-17
12212895 -5.20417e-17
12241365 -5.20417e-17
12288185 -5.20417e-17
12424948 -0.25
12507024 -0.25
12532513 -0.25
12556955 -0.136364
12573455 -0.25
12624857 -0.136364
12658763 -0.136364
12723115 -0.136364
12863228 0.107143
13483969 -5.20417e-17
13555659 -5.20417e-17
13620035 -5.20417e-17
13718964 -0.136364
14909065 -0.136364
14967686 -0.136364
15041772 -5.20417e-17
15164230 -0.25
15221133 -0.25
15321583 -5.20417e-17
15443346 -0.153846
15581781 -0.153846
15649090 -0.25
15678644 -0.25
15694871 -0.136364
15740804 -0.25
16246421 -5.20417e-17
17200229 -0.25
17449098 -5.20417e-17
17540742 -5.20417e-17
17717777 -5.20417e-17
17919875 -5.20417e-17
18031785 -5.20417e-17
18053289 -5.20417e-17
18224605 -5.20417e-17
18321103 -0.280992
18377868 -5.20417e-17
18461899 -5.20417e-17
18490601 -5.20417e-17
18538596 -5.20417e-17
18603264 -5.20417e-17
18956867 -5.20417e-17
18981899 -5.20417e-17
18999665 -5.20417e-17
19013507 -5.20417e-17
19062168 -5.20417e-17
20062857 -0.153846
22020913 -0.136364
24450418 -5.20417e-17
24505381 -5.20417e-17
24550327 -5.20417e-17
24571364 -5.20417e-17
24576148 -5.20417e-17
24589388 -5.20417e-17
24605877 -5.20417e-17
24620541 -5.20417e-17
24633363 -5.20417e-17
24633926 -5.20417e-17
24639846 -5.20417e-17
24655829 -5.20417e-17
24658599 -5.20417e-17
24666648 -5.20417e-17
24668384 -5.20417e-17
24670871 -5.20417e-17
24671749 -5.20417e-17
24671836 -5.20417e-17
24671893 -5.20417e-17
24672370 -5.20417e-17
24672569 -5.20417e-17
24673227 -5.20417e-17
24673276 -5.20417e-17
24674080 -5.20417e-17
24674184 -5.20417e-17
24676235 -5.20417e-17
24676273 -5.20417e-17
24681096 -5.20417e-17
24686527 -5.20417e-17
24711863 -5.20417e-17
24711957 -5.20417e-17
24712820 -5.20417e-17
24719785 -5.20417e-17
24719869 -5.20417e-17
24720115 -5.20417e-17
24725389 -5.20417e-17
24725586 -5.20417e-17
24734505 -5.20417e-17
24742258 -5.20417e-17
24756518 -5.20417e-17
24757100 -5.20417e-17
24757245 -5.20417e-17
24757322 -5.20417e-17
24757351 -5.20417e-17
24757659 -5.20417e-17
24758020 -5.20417e-17
24758164 -5.20417e-17
24758760 -5.20417e-17
24761309 -5.20417e-17
24761760 -5.20417e-17
24761852 -5.20417e-17
24782674 -5.20417e-17
24791381 -5.20417e-17
24791666 -5.20417e-17
24796245 -5.20417e-17
24804006 -5.20417e-17
24808723 -5.20417e-17
24822260 -5.20417e-17
24827809 -5.20417e-17
24836147 -5.20417e-17
24837545 -5.20417e-17
24837665 -5.20417e-17
24859498 -5.20417e-17
24859537 -5.20417e-17
24866076 -5.20417e-17
24884165 0.0625
24884673 -0.153846
24901711 -5.20417e-17
24908080 -5.20417e-17
24943967 -5.20417e-17
24949639 -5.20417e-17
24968274 -5.20417e-17
25010236 -5.20417e-17
25014007 -5.20417e-17
25024963 -5.20417e-17
25044952 0.25
25058539 -5.20417e-17
25063387 -5.20417e-17
25063611 0.25
25067155 -5.20417e-17
25067208 0.25
25079747 -5.20417e-17
25112193 0.0625
25114851 0.25
25116234 -5.20417e-17
25116733 -5.20417e-17
25117123 -5.20417e-17
25118320 -5.20417e-17
25119924 -5.20417e-17
25120340 -5.20417e-17
25121658 -5.20417e-17
25122981 0.25
25123141 0.25
25154316 0.25
25193810 -5.20417e-17
25247264 -5.20417e-17
25276674 -5.20417e-17
25290358 0.25
25296830 -5.20417e-17
25305410 -5.20417e-17
25423069 0.25
25433314 0.25
25446555 -5.20417e-17
25906288 0.25
25936693 0.25
25967601 -5.20417e-17
25970915 -5.20417e-17
25984654 -5.20417e-17
26007535 -5.20417e-17
26040207 0.25
26069162 -5.20417e-17
26075475 -5.20417e-17
26131251 -5.20417e-17
26169302 -5.20417e-17
26172113 0.25
26185654 -5.20417e-17
26217355 0.75
26243402 0.25
26250881 0.25
26281733 0.25
26293814 0.25
26371655 0.25
26382643 0.25
26559192 -5.20417e-17
26799490 0.25
26967573 -5.20417e-17
27088134 -0.136364
27119917 4.16334e-17
27298217 -5.20417e-17
27946037 -0.136364
28292491 -0.25
28320550 -0.25
28320758 -0.25
28333194 -0.25
28342444 -0.25
28378035 -0.153846
28490997 -0.25
28501595 -0.25
28525850 -0.25
28532818 -0.25
28546017 -0.25
28546294 -5.20417e-17
28586289 -0.25
28587753 -0.25
28612899 -0.25
28634462 -0.25
28662540 -0.25
28678817 -0.25
28683592 -0.25
28685250 -0.25
28685830 -0.25
28685953 -0.25
28686199 -0.153846
28686259 -0.25
28686771 -0.25
28687660 -0.184211
28687969 -0.25
28688729 -0.25
28688972 -0.25
28701054 -0.25
28729491 -0.25
28763236 -0.25
28795305 -0.25
29059034 -0.25
29061793 -0.25
29061823 -0.25
29061942 -0.25
29097477 -0.25
29108726 -0.25
29221002 -0.25
29221696 -0.25
29222481 -0.25
29223742 -0.25
29249534 -0.25
29285549 -0.25
29363836 -0.25
29391202 -0.25
29400554 -0.25
29413945 -0.25
29413990 -0.25
29423711 -0.153846
29428343 -0.25
29435876 -0.25
29435939 -0.25
29582031 -0.25
29582079 -0.25
29583902 -0.25
29588232 -0.25
29588535 -0.153846
29605552 -0.25
29636967 -0.25
29650503 -0.25
29679599 -0.25
29683121 -0.25
29694633 -0.25
29747769 -0.25
29750440 -0.25
29808437 -0.25
29809305 -0.25
29810587 -0.25
29813506 -0.25
29815868 -0.25
29815918 -0.25
29816190 -0.25
29837293 -0.25
29938172 -0.25
29938545 -0.25
30507856 -5.20417e-17
30608156 -5.20417e-17
30962704 -5.20417e-17
30998751 -5.20417e-17
31011108 -5.20417e-17
31011309 -0.153846
31021357 -5.20417e-17
31048729 -5.20417e-17
31049576 0.166667
31052894 -5.20417e-17
31055296 -0.25
31076850 -0.153846
31094248 -5.20417e-17
31234965 -5.20417e-17
31380008 -5.20417e-17
31411659 -0.25
31449975 -0.25
31451377 -0.25
31474048 -0.25
31482786 -0.2
31505757 -0.00515464
31649628 -5.20417e-17
31699831 -5.20417e-17
31817929 0.107143
31825197 0.107143
31828375 0.107143
31834629 0.107143
31929823 -0.136364
31957845 -0.136364
31958762 -0.136364
31959804 -0.136364
31964205 -0.136364
31978441 -0.136364
31984598 -0.136364
31991724 -0.136364
31994782 -0.184211
32007064 -0.25
32008825 -0.0526316
32008889 -0.153846
32013049 -0.153846
32026293 -0.0526316
32043302 -0.153846
32066423 -0.0526316
32067520 -0.153846
32070028 -0.0526316
32070763 -0.25
32072071 -0.25
32074414 -0.0526316
32078233 -0.25
32080540 -0.0526316
32094893 -0.25
32115772 -0.25
32157653 -0.2
32276359 -5.20417e-17
32281931 -1.12757e-16
32300905 -1.12757e-16
32301749 -1.12757e-16
32302107 -1.12757e-16
32303425 -1.12757e-16
32304429 -5.20417e-17
32305767 -5.20417e-17
32306535 -1.12757e-16
32308618 -1.12757e-16
32309160 -5.20417e-17
32321702 -1.12757e-16
32321992 -5.20417e-17
32344413 -5.20417e-17
32351039 -5.20417e-17
32352448 -1.12757e-16
32354820 -5.20417e-17
32370728 -1.12757e-16
32379474 -0.136364
32379580 -1.12757e-16
32380552 0.107143
32380599 -0.136364
32380718 -5.20417e-17
32400631 -0.136364
32407868 -5.20417e-17
32410695 -0.136364
32423687 -0.153846
32430591 -5.20417e-17
32433567 0.107143
32439657 -1.12757e-16
32448057 -5.20417e-17
32461310 -5.20417e-17
32461472 -5.20417e-17
32461500 -5.20417e-17
32470896 -1.12757e-16
32474474 -0.153846
32493180 -5.20417e-17
32502748 -0.153846
32502776 -0.153846
32502810 -0.153846
32519376 -0.25
32519853 -1.12757e-16
32536388 -5.20417e-17
32552464 -1.12757e-16
32553574 -5.20417e-17
32561972 -5.20417e-17
32562509 -1.12757e-16
32563078 -5.20417e-17
32563127 -5.20417e-17
32586847 -5.20417e-17
32620778 -5.20417e-17
32625344 -1.12757e-16
32702268 -5.20417e-17
32712882 -5.20417e-17
32720226 -5.20417e-17
32727353 0.25
32742820 -5.20417e-17
32754704 -5.20417e-17
32754860 -5.20417e-17
32784991 -0.25
32785130 -1.12757e-16
32785186 -0.153846
32788800 -5.20417e-17
32843223 -5.20417e-17
32865931 0.25
32865992 0.25
32866054 0.25
32867999 0.25
32889668 -5.20417e-17
33173262 -0.136364
33177546 -0.136364
33180864 -0.136364
33261655 -0.136364
33395478 -0.25
33411188 -0.25
33412245 -0.264368
33416751 -0.264368
33422608 -5.20417e-17
33422638 -5.20417e-17
33424559 -5.20417e-17
33432853 -5.20417e-17
33487148 -0.136364
33492532 -0.136364
33502187 0.25
33527436 -5.20417e-17
33550252 -0.136364
33551452 -0.136364
33562198 -0.25
33570603 -0.25
33571324 -0.25
33581636 -0.25
33583941 -0.25
33585793 -0.25
33591129 -0.226415
33593723 -0.25
33595671 -0.25
33641135 -0.136364
33641304 -0.136364
33678200 -0.25
33747176 0.25
33754986 0.25
33764615 0.0625
33765564 0.25
33766846 0.25
33790946 0.0625
33814378 0.25
33860851 0.25
33885696 0.25
33885954 0.25
33889219 0.25
33892508 0.25
33894571 0.25
33896503 0.25
33902437 0.25
33927640 -5.20417e-17
33936244 0.25
34036246 -0.25
34037387 -0.25
34070012 0.25
34101560 0.25
34102571 0.25
34103625 0.25
34107757 0.25
34109521 0.25
34109876 0.25
34157418 0.25
34188696 -0.153846
34197256 -0.153846
34197992 -0.153846
34198037 -0.153846
34205138 -0.153846
34211332 -0.136364
34217425 -0.153846
34219212 -0.136364
34223892 -0.153846
34234546 -0.136364
34255494 -0.136364
34256944 -0.280992
34261834 0.25
34262263 -0.280992
34263827 -0.184211
34271454 -0.136364
34272092 -0.136364
34273933 -0.136364
34285626 -0.136364
34288820 -5.20417e-17
34297444 -0.226415
34310337 -0.25
34311552 -0.25
34350149 -0.25
34382928 -0.25
34384415 -5.20417e-17
34394474 -5.20417e-17
34397097 -0.136364
34410581 -0.25
34412235 -0.136364
34412323 -0.136364
34420668 -0.184211
34420809 -0.136364
34424844 -0.184211
34428330 0.194631
34528210 -0.136364
34528309 -0.136364
34554985 -0.25
34558748 -5.20417e-17
34574257 -0.136364
34579390 -0.136364
34600650 -5.20417e-17
34601030 -5.20417e-17
34609594 -5.20417e-17
34613237 -5.20417e-17
34618715 -0.136364
34618827 -5.20417e-17
34628169 0.25
34637756 0.25
34640356 0.25
34656421 -0.25
34656506 0.25
34656616 0.25
34656714 0.25
34662555 0.25
34664249 0.25
34664436 0.25
34674749 0.25
34674970 0.25
34675206 0.25
34675878 0.25
34688206 0.25
34688240 0.25
34690252 -0.25
34692787 0.25
34692838 0.25
34706421 0.25
34718252 0.0625
34725337 0.25
