51236 0.107143
57911 0.107143
84324 0.107143
97983 -5.20417e-17
125558 0.107143
130668 0.107143
217965 -5.20417e-17
222127 0.166667
227482 -5.20417e-17
230834 -5.20417e-17
238082 -5.20417e-17
266633 -5.20417e-17
269061 -5.20417e-17
269794 -5.20417e-17
279923 -5.20417e-17
283002 -5.20417e-17
284050 -5.20417e-17
305890 -5.20417e-17
309952 -5.20417e-17
330302 -5.20417e-17
398523 0.0625
403833 0.5
434127 -5.20417e-17
447493 -5.20417e-17
496814 -5.20417e-17
504057 -5.20417e-17
520294 -5.20417e-17
549826 -5.20417e-17
556785 -5.20417e-17
557828 -5.20417e-17
558321 -5.20417e-17
562972 -5.20417e-17
567616 -5.20417e-17
573749 -5.20417e-17
578327 -5.20417e-17
583011 -5.20417e-17
587323 -5.20417e-17
588451 -0.0526316
651315 -5.20417e-17
662420 -5.20417e-17
693738 -0.25
697043 -5.20417e-17
704312 -5.20417e-17
706964 -0.25
707481 -0.25
708415 -5.20417e-17
716597 0.25
769807 -0.25
776258 -0.25
831795 -0.25
835555 -0.25
841957 -0.25
845365 -0.25
881270 -0.25
887004 -0.25
970935 0.107143
971919 0.107143
974367 0.107143
978769 0.107143
981300 0.107143
994283 0.107143
1023576 0.107143
1033638 0.107143
1039940 0.107143
1051739 0.107143
1058364 0.107143
1068687 0.107143
1069332 0.107143
1073080 0.107143
1080587 0.107143
1090086 0.107143
1091680 0.107143
1099327 0.107143
1107840 0.107143
1357769 -5.20417e-17
1460303 -5.20417e-17
1475801 -5.20417e-17
1482658 -5.20417e-17
1489488 -5.20417e-17
1492126 -5.20417e-17
1508205 -5.20417e-17
1541019 -5.20417e-17
1769985 0.25
1806075 -0.136364
1834877 -0.136364
1853600 0.107143
1879344 0.107143
1901965 0.107143
1932019 0.107143
1961940 0.107143
2175799 -0.136364
2186803 -0.136364
2187780 -0.136364
2189373 -0.136364
2251364 -0.136364
2277189 -0.136364
2350780 -0.25
2358875 -0.25
2367121 -5.20417e-17
2381863 -5.20417e-17
2411666 -5.20417e-17
2421724 -0.25
2443113 -0.25
2447382 -5.20417e-17
2488357 -5.20417e-17
2488949 -0.25
2497896 -0.136364
2498700 -5.20417e-17
2676772 -5.20417e-17
2767559 0.25
2772176 -5.20417e-17
2784160 0.25
2795982 -5.20417e-17
2807606 -5.20417e-17
2815955 -5.20417e-17
2820433 -5.20417e-17
2908715 -0.136364
2925234 -0.25
2925747 -0.25
2929983 -0.25
2932436 -0.25
2933055 -0.25
2934208 -0.25
2935082 -0.25
2935849 -0.25
2950682 -0.25
2955042 -0.25
2956213 -0.25
2967798 -0.25
2969095 -0.25
2978508 -0.25
3039828 -0.25
3044974 -0.25
3047243 -0.25
3049401 -0.25
3086600 -0.136364
3142154 -0.136364
3161842 -5.20417e-17
3164810 -5.20417e-17
3165348 -5.20417e-17
3168205 -5.20417e-17
3170002 -0.136364
3179003 -5.20417e-17
3271798 -0.136364
3314326 -0.184211
3364436 -0.136364
3366836 -0.25
3413770 -0.153846
3415435 -0.153846
3480874 -0.153846
3530330 -5.20417e-17
3576931 0.107143
3596910 -0.153846
3607176 -0.153846
3610822 -0.153846
3616962 -0.153846
3618753 -0.153846
3623947 -0.153846
3627868 -0.153846
3631055 -0.153846
3646075 -0.153846
3666667 -5.20417e-17
3674955 -0.153846
3696068 -0.153846
3719330 0.107143
3721362 0.107143
3741504 -5.20417e-17
3750228 -5.20417e-17
3784156 -0.25
3790978 -0.25
3826362 -0.25
3831471 -5.20417e-17
3835845 0.107143
3854276 0.107143
3855068 0.107143
3859733 -5.20417e-17
3860229 -5.20417e-17
3860932 -5.20417e-17
3865332 -5.20417e-17
3869104 0.107143
3869782 -5.20417e-17
3878823 -5.20417e-17
3887461 0.107143
3903267 -0.136364
3912545 -0.136364
3918969 -0.136364
3935983 0.107143
3944215 -0.136364
3950225 -0.184211
3957865 -0.25
3962698 -0.136364
3966141 -0.136364
3981575 0.107143
4006063 -0.153846
4014721 0.107143
4035869 -5.20417e-17
4062542 -5.20417e-17
4068069 -0.136364
4071674 -0.25
4121131 -5.20417e-17
4128081 0.411765
4155332 0.25
4162100 0.107143
4182355 -5.20417e-17
4188852 -0.25
4193546 0.107143
4211548 -0.25
4216310 0.310345
4224697 0.25
4250379 -0.153846
4255848 -0.153846
4258274 -5.20417e-17
4259342 -5.20417e-17
4260493 -0.153846
4267368 -0.153846
4270118 0.107143
4272825 0.107143
4274528 0.107143
4281006 0.107143
4285062 0.107143
4327525 0.107143
4334769 -0.153846
4336206 0.107143
4338468 0.5
4363973 -5.20417e-17
4371521 0.25
4376121 0.5
4385134 -0.25
4407849 0.107143
4412773 0.107143
4420727 0.107143
4430441 -0.0526316
4456390 0.107143
4482526 -5.20417e-17
4486771 -5.20417e-17
4490403 0.5
4491157 0.107143
4496189 -5.20417e-17
4501370 -5.20417e-17
4511490 -5.20417e-17
4512291 0.5
4514347 0.5
4514825 0.5
4517364 0.5
4525297 -0.153846
4526052 -0.153846
4530064 -0.195652
4531565 0.0625
4538945 -0.0526316
4540438 -0.153846
4562767 0.107143
4567082 4.16334e-17
4570366 0.25
4581058 -0.153846
4585486 -0.136364
4587477 -5.20417e-17
4596701 -0.153846
4601159 -5.20417e-17
4601652 -0.25
4603309 4.16334e-17
4611980 -5.20417e-17
4617437 -5.20417e-17
4626809 0.107143
4649656 -5.20417e-17
4650971 0.107143
4652643 0.107143
4663607 -5.20417e-17
4670640 -0.153846
4682858 -0.2
4683611 -0.153846
4685302 -5.20417e-17
4685859 -0.153846
4686405 -0.153846
4687806 0.107143
4689473 -5.20417e-17
4699706 -5.20417e-17
4711230 -5.20417e-17
4714046 -0.25
4719412 0.25
4721054 0.25
4724540 0.25
4733723 -5.20417e-17
4739852 -0.136364
4744522 -5.20417e-17
4767446 -5.20417e-17
4784121 -5.20417e-17
4796148 0.25
4844127 -5.20417e-17
4845732 -5.20417e-17
4850964 -5.20417e-17
4864776 -0.25
4869134 -5.20417e-17
4870442 -0.136364
4872538 -0.136364
4881543 0.25
4885576 -0.136364
4893329 -5.20417e-17
4898292 -5.20417e-17
4898806 -5.20417e-17
4901826 -5.20417e-17
4903985 -5.20417e-17
4906938 -5.20417e-17
4908552 -0.136364
4917674 -0.25
4931070 -5.20417e-17
4949399 -5.20417e-17
4955702 -0.136364
4956221 -0.136364
4960061 -5.20417e-17
4969441 -0.153846
4975855 -5.20417e-17
4983752 -0.0526316
4991850 -5.20417e-17
5017274 -5.20417e-17
5023061 -5.20417e-17
5024177 -5.20417e-17
5049460 -0.153846
5164814 -0.25
5166919 -0.136364
5167931 -0.136364
5179693 -0.153846
5199891 -0.25
5200616 -0.25
5215843 -0.25
5218762 -5.20417e-17
5242669 -0.25
5262408 -0.153846
5294935 -0.153846
5297327 -5.20417e-17
5301737 -0.153846
5303576 -5.20417e-17
5351331 -5.20417e-17
5356127 -5.20417e-17
5386944 -0.25
5403335 -5.20417e-17
5417832 -0.25
5430492 -5.20417e-17
5440843 -0.136364
5442608 -0.153846
5445394 -0.25
5454699 -5.20417e-17
5476103 -5.20417e-17
5486947 -5.20417e-17
5515231 -0.136364
5521463 0.166667
5533160 -0.136364
5543527 -0.136364
5549244 -0.25
5555136 -0.25
5610361 -0.136364
5647968 -0.25
5654145 -0.136364
5654643 -0.25
5660467 -5.20417e-17
5664945 -5.20417e-17
5665588 -5.20417e-17
5667355 -5.20417e-17
5671814 -5.20417e-17
5684100 -0.184211
5698591 -0.136364
5700577 -5.20417e-17
5701829 -0.136364
5715892 -5.20417e-17
5718044 -0.136364
5734235 -0.136364
5734741 -0.25
5749238 -0.136364
5754910 -0.25
5808503 -0.25
5825835 -0.25
5835249 -0.25
5836803 -0.25
5855107 -0.25
5868669 -0.134918
5872626 -0.25
5911089 -0.136364
5934187 -0.153846
5935294 -0.153846
5947162 -0.153846
5948580 -0.153846
5959354 -0.153846
5986261 -0.153846
5988587 -0.153846
6011681 -0.153846
6044156 -0.136364
6045558 -0.0526316
6046134 -0.136364
6085678 -0.25
6088503 -0.25
6198717 -0.25
6257116 -0.25
6280840 -0.136364
6301450 -5.20417e-17
6316943 -0.105769
6318294 -0.25
6327303 -5.20417e-17
6333687 -0.153846
6380008 -1.12757e-16
6389842 -0.25
6397589 -0.153846
6416549 -0.153846
6420162 -0.153846
6432170 -0.136364
6436070 -0.136364
6447172 -0.136364
6456965 -0.136364
6494883 -0.136364
6498784 -0.264368
6510025 -0.136364
6528118 -0.136364
6537893 -0.136364
6542588 -0.136364
6560544 0.047619
6565216 -0.136364
6580109 -0.25
6619155 -0.136364
6673361 -0.25
6676859 -0.25
6698079 -5.20417e-17
6707648 -0.25
6719236 -0.136364
6724146 -0.136364
6736648 -5.20417e-17
6737275 -0.136364
6752507 -0.136364
6760177 -0.136364
6764834 -0.25
6775934 -0.25
6795341 -0.136364
6812100 -5.20417e-17
6826032 -0.136364
6852379 -5.20417e-17
6862546 -5.20417e-17
6897869 -0.25
6899003 -0.25
6967983 -5.20417e-17
7042593 -0.136364
7045201 -0.136364
7050046 -0.136364
7054447 -0.136364
7057640 -0.136364
7090012 -5.20417e-17
7102041 -5.20417e-17
7108276 -0.136364
7118150 -5.20417e-17
7121994 -5.20417e-17
7138451 -0.25
7144841 -0.25
7162424 -0.25
7186102 -5.20417e-17
7204486 -5.20417e-17
7207615 -0.184211
7213937 -0.25
7231535 -5.20417e-17
7235722 -5.20417e-17
7238242 -0.25
7315227 -5.20417e-17
7345520 -5.20417e-17
7354703 -0.195652
7355645 -0.25
7386219 -5.20417e-17
7401905 -5.20417e-17
7404555 -5.20417e-17
7420481 -5.20417e-17
7423530 -5.20417e-17
7427003 -5.20417e-17
7522507 -5.20417e-17
7560523 -5.20417e-17
7598742 -0.25
7599371 -0.25
7618643 -0.25
7679981 -5.20417e-17
7690977 -0.25
7714885 -5.20417e-17
7726677 -5.20417e-17
7730289 -5.20417e-17
7744843 -5.20417e-17
7750203 -5.20417e-17
7810442 -0.25
7842133 -5.20417e-17
7849754 -0.25
7879670 -0.25
7937104 -0.25
7939922 -0.25
7957612 -0.25
7966027 -0.25
7992781 -0.25
7996723 -0.25
7998374 -0.25
7998949 -0.25
8011984 -0.184211
8024092 -0.25
8064520 -0.25
8067683 -0.25
8068730 -0.25
8069551 -0.25
8070068 -0.25
8077372 -0.25
8095073 -0.25
8118794 -0.25
8147207 -5.20417e-17
8148532 -5.20417e-17
8149562 -5.20417e-17
8150781 -5.20417e-17
8156050 -5.20417e-17
8158390 -5.20417e-17
8167850 -5.20417e-17
8170539 -5.20417e-17
8172062 -5.20417e-17
8221565 -5.20417e-17
8222123 -5.20417e-17
8244530 -5.20417e-17
8245043 -5.20417e-17
8259908 -5.20417e-17
8305578 -5.20417e-17
8544380 -5.20417e-17
8553303 -5.20417e-17
8604219 -5.20417e-17
8610788 -5.20417e-17
8615347 -5.20417e-17
8623410 -5.20417e-17
8731107 -0.25
8753999 0.047619
8769064 -0.136364
8781684 -0.136364
8795880 -0.136364
8809933 -0.136364
8818735 -0.136364
8819494 -0.136364
8827345 -0.136364
8843304 -0.136364
8860268 -0.25
8881149 -0.226415
8896016 -0.136364
8896955 -0.25
8921253 -0.25
8923676 -0.25
8933259 -0.136364
8960673 -0.136364
8966723 -0.136364
8988050 -0.136364
8990845 -0.136364
8992047 -0.25
8992993 -0.136364
8998625 -0.136364
9000336 -0.2
9001711 -0.136364
9003738 -0.136364
9004189 -0.136364
9029443 -0.136364
9041316 -0.136364
9050031 -0.25
9055402 -0.136364
9058983 -0.136364
9073563 -0.136364
9076930 -0.136364
9078805 -0.136364
9079447 -0.136364
9080498 -0.136364
9081701 -0.136364
9109307 -0.136364
9115412 -0.136364
9127150 -0.136364
9127599 -0.136364
9130425 -0.136364
9131963 -0.136364
9132473 -0.136364
9177453 -0.25
9177922 -5.20417e-17
9178468 -5.20417e-17
9196990 -0.2
9199420 -0.25
9200580 -0.25
9202112 -0.25
9206545 -0.25
9209116 -0.25
9210934 -5.20417e-17
9220693 -5.20417e-17
9242073 -5.20417e-17
9242606 -5.20417e-17
9249493 -0.25
9251341 -5.20417e-17
9253069 -0.136364
9254890 -0.25
9276739 -0.2
9282985 -0.226415
9285844 -0.280992
9299763 -0.2
9308478 -0.25
9318571 -5.20417e-17
9399667 0.25
9406955 -0.136364
9407441 -0.136364
9409729 0.25
9429577 -0.136364
9450450 0.25
9452744 0.25
9468460 -0.136364
9474014 -0.153846
9476698 -0.136364
9488023 -0.153846
9541869 -0.136364
9553587 0.25
9572516 -0.264368
9584272 -5.20417e-17
9588110 -5.20417e-17
9589534 -5.20417e-17
9590678 -5.20417e-17
9591645 -5.20417e-17
9594778 -5.20417e-17
9609970 -0.136364
9612568 -0.184211
9628012 -0.136364
9635853 -0.280992
9644492 -0.136364
9667443 -0.0526316
9673001 -0.136364
9675440 -0.136364
9685086 -0.153846
9699247 -0.136364
9706814 -0.25
9741942 -0.25
9748971 -0.25
9763754 -5.20417e-17
9773608 -0.136364
9787339 -5.20417e-17
9790346 -5.20417e-17
9811779 -5.20417e-17
9839436 -5.20417e-17
9843507 -0.153846
9865882 -0.153846
9874820 -0.153846
9875646 -0.153846
9883931 -0.153846
9892858 -0.153846
9894068 -0.153846
9895492 -0.153846
9896303 -0.153846
9896913 -0.153846
9897738 -0.153846
9898473 -0.153846
9899154 -0.153846
9901640 -0.153846
9902424 -0.153846
9904620 -0.153846
9907794 -0.153846
9924631 -0.25
9934198 -0.153846
9940459 -0.153846
9950489 -0.25
9968518 -0.25
9972239 -0.25
9992835 -0.136364
9995523 -0.136364
9996045 -0.136364
9997259 -0.0526316
10008242 -5.20417e-17
10011612 -0.25
10014882 -5.20417e-17
10021365 -0.153846
10024055 -0.153846
10024741 -0.25
10036480 -0.153846
10037145 -5.20417e-17
10040015 -5.20417e-17
10044340 -0.153846
10069346 -0.25
10075081 0.25
10091113 -5.20417e-17
10100485 -0.25
10105223 -0.136364
10108523 -0.25
10118899 -0.153846
10143701 -0.136364
10154133 -5.20417e-17
10219566 -0.153846
10279884 -0.25
10288949 -0.00515464
10320993 0.107143
10322752 0.107143
10332575 -5.20417e-17
10355896 0.194631
10381395 -0.136364
10420454 -0.25
10432016 -0.25
10440162 -0.25
10453478 -0.25
10453962 -5.20417e-17
10483368 0.194631
10618540 0.107143
10770561 -0.153846
10778428 -5.20417e-17
10790166 -0.153846
10791729 -0.25
10793174 -0.153846
10796167 -0.184211
10803856 -0.25
10804584 -0.153846
10817798 -0.153846
10821057 -5.20417e-17
10825196 -0.153846
10828084 -0.153846
10875798 0.107143
10903396 0.452055
10906849 0.107143
10935557 0.107143
11037522 -5.20417e-17
11047340 -0.136364
11077323 -0.136364
11110362 -5.20417e-17
11134264 0.047619
11140298 -5.20417e-17
11144431 -5.20417e-17
11262332 -0.136364
11265901 -0.25
11266659 -0.136364
11271823 -0.25
11272532 -0.136364
11274294 -0.153846
11288164 -0.136364
11302739 -0.25
11349126 -0.25
11362892 -0.25
11367106 -0.25
11381748 -0.25
11383947 -0.25
11384607 -0.25
11391024 -0.25
11407699 -0.25
11686919 -0.136364
11723017 -0.25
11760323 -0.25
11823536 -0.25
11831110 -0.25
11831588 -5.20417e-17
11832657 -5.20417e-17
11837435 -5.20417e-17
11852959 -0.25
11857914 -5.20417e-17
11876258 -5.20417e-17
11877262 -0.136364
11883372 -0.25
11887874 0.3125
11923142 0.107143
11938670 -0.136364
11961549 -5.20417e-17
11965390 -0.136364
11974580 -0.25
12034409 -0.25
12036555 -0.25
12059924 -0.25
12089749 -0.25
12126919 -0.25
12190975 -0.25
12206518 -0.153846
12219313 -0.25
12235906 -0.153846
12350193 -0.0526316
12362508 0.25
12393560 -5.20417e-17
12410880 -5.20417e-17
12414985 -5.20417e-17
12416774 -5.20417e-17
12418171 -0.153846
12441562 0.25
12458220 0.25
12496529 -5.20417e-17
12497473 -5.20417e-17
12505479 -5.20417e-17
12506411 -5.20417e-17
12582331 -5.20417e-17
13472284 -5.20417e-17
13478261 -5.20417e-17
13479724 -5.20417e-17
13523639 -5.20417e-17
13674975 -5.20417e-17
13676910 -5.20417e-17
13696609 -5.20417e-17
13761444 0.25
13914721 -0.25
13924946 -5.20417e-17
13929625 -5.20417e-17
13934371 -0.25
13944196 -0.25
13947029 -5.20417e-17
13958989 -5.20417e-17
13960707 -5.20417e-17
13967803 -0.25
13979499 -5.20417e-17
14119904 -5.20417e-17
14121613 -5.20417e-17
14161558 -5.20417e-17
14203080 -5.20417e-17
14220378 -5.20417e-17
14229171 -5.20417e-17
14237462 -5.20417e-17
14253306 -5.20417e-17
14330827 4.16334e-17
14348329 -0.184211
14354421 -0.25
14398100 -0.184211
14419208 -0.280992
14454800 -0.184211
14470563 -0.25
14478858 -0.25
14504674 -0.184211
14517541 -0.0795455
14535653 -0.156417
14549144 -5.20417e-17
14560932 -0.184211
14584820 -0.184211
14595658 -0.195652
14605152 -0.195652
14618248 -0.226415
14618749 -0.184211
14621280 -0.195652
14633533 -0.195652
14670907 -0.184211
14678818 -0.156417
14683661 -0.184211
14691106 -0.184211
14700644 -0.184211
14705563 -0.136364
14709606 -0.184211
14710975 -0.184211
14764422 -0.184211
14794279 -0.226415
14917949 4.16334e-17
15021137 -0.136364
15274389 -5.20417e-17
15417200 -5.20417e-17
15473746 -5.20417e-17
15493700 -5.20417e-17
15574039 -0.136364
15630228 -0.25
15669986 -0.25
15772951 -5.20417e-17
15802792 -5.20417e-17
15900174 -0.153846
15994799 -5.20417e-17
16041907 -5.20417e-17
16197776 -5.20417e-17
16263148 -5.20417e-17
16497672 -5.20417e-17
16540277 -5.20417e-17
16571664 -5.20417e-17
16633447 -5.20417e-17
16788069 -5.20417e-17
16818240 -5.20417e-17
16894268 -5.20417e-17
16948073 -5.20417e-17
17035883 -5.20417e-17
17159722 -5.20417e-17
17264749 -5.20417e-17
17797153 -5.20417e-17
18309787 -0.25
18418154 -5.20417e-17
18559493 -0.25
18688599 -5.20417e-17
18759542 -5.20417e-17
18805390 -5.20417e-17
18913725 -1.12757e-16
19070814 -5.20417e-17
19206943 -0.25
19419766 -5.20417e-17
19505166 -0.136364
19643072 -0.25
19677108 -0.25
20022600 -0.25
20406804 -5.20417e-17
20499239 -5.20417e-17
20615744 -5.20417e-17
21397827 -0.25
21527091 -5.20417e-17
21550625 -0.0526316
21619541 -0.136364
21639251 -5.20417e-17
21678242 -5.20417e-17
21758778 -0.25
21796655 -5.20417e-17
23122927 -5.20417e-17
23455985 -5.20417e-17
23709224 -5.20417e-17
23740649 -5.20417e-17
23797965 -5.20417e-17
23888862 -5.20417e-17
24201850 -5.20417e-17
24269404 -0.136364
24520266 -5.20417e-17
24626930 -5.20417e-17
24772025 -0.25
24835540 -5.20417e-17
24911089 -5.20417e-17
24980267 -5.20417e-17
25435159 -5.20417e-17
25456057 -0.25
25571634 -5.20417e-17
25658103 -5.20417e-17
25801506 -5.20417e-17
25840208 -0.25
25968828 -0.136364
26082777 -0.25
26129453 -0.25
26237163 -0.25
26295715 -0.25
26346372 -0.195652
26382426 -0.25
26476064 -0.136364
26518652 -0.25
26590733 -0.136364
26627574 -0.136364
26856754 -0.136364
26936446 -0.136364
26957347 -0.25
27245847 -5.20417e-17
27274732 -0.25
27627995 -0.136364
27822018 -0.25
28192962 -5.20417e-17
28476253 -5.20417e-17
28726135 -0.25
28871127 -0.25
29033482 -0.25
29132586 -0.25
29175395 -0.25
29263170 -0.25
29316845 -0.25
29347264 -0.25
29435127 -0.25
29478751 -0.25
29560856 -0.25
29620600 -0.25
29652249 -0.2
29704691 -0.25
29728401 -0.25
29813578 -0.25
29847706 -0.25
30015938 -0.25
30106769 -0.25
30159506 -0.25
30199632 -0.184211
30236507 -0.25
30348792 -0.25
30377679 -0.25
30471217 -0.25
30509898 -0.25
30632251 -0.25
30708916 -0.25
30775543 -5.20417e-17
31045818 -0.25
31101864 -0.25
31142713 -0.25
31168262 -0.25
31210694 -0.184211
31282858 -0.136364
31370528 -0.136364
31418956 -0.136364
31446766 -0.136364
31478033 -0.136364
31522084 -0.136364
31564740 -0.136364
31594374 -0.136364
31665695 -0.136364
31714447 -0.136364
31745526 -0.136364
31798008 -0.136364
31845361 -0.136364
32002573 -0.184211
32092336 -0.184211
32122291 -0.136364
32159043 -0.136364
32222794 -0.136364
32269933 -0.136364
32322984 -0.136364
32365652 -0.136364
32392798 -0.136364
32438418 -0.136364
32488897 -0.136364
32590831 -0.136364
32693735 -0.136364
32723288 -0.136364
32773830 -0.136364
32796110 -0.136364
32831385 -0.136364
32865348 -0.136364
32919696 -0.136364
33005106 -0.136364
33087808 -0.136364
33131317 -0.136364
33331515 -0.136364
33425648 -0.136364
33461118 -0.136364
33488077 -0.136364
33567335 -0.136364
33769092 -0.136364
33946136 -0.136364
34222821 -0.136364
34262549 -0.136364
34324923 -0.136364
34347394 -0.136364
34367314 -0.136364
34434386 -0.136364
34489419 -0.136364
34522930 -0.136364
34543090 -0.136364
34623959 -0.136364
34659132 -0.184211
34727768 -0.136364
34756409 -0.136364
34840575 -0.136364
34877666 -0.136364
34898716 -0.136364
34921985 -0.136364
34959975 -0.136364
35016635 -0.136364
35070648 -0.136364
35091405 -0.136364
35150794 -0.136364
35184471 -0.136364
35247851 -0.136364
35368267 -0.136364
35477158 -0.136364
35525972 -0.136364
35571882 -0.136364
35668740 -0.136364
35733879 -0.136364
35774096 -0.136364
35799370 -0.136364
35917677 -0.136364
35941518 -0.136364
35984070 -0.195652
36081543 -0.136364
36130926 -0.136364
36219154 -0.136364
36371870 -0.136364
36422641 -0.136364
36445371 -0.136364
36468561 -0.136364
36499010 -0.136364
36568463 -0.136364
36776636 -0.25
36821932 -0.25
36851924 -0.25
36878905 -0.25
36940321 -0.25
36991983 -0.25
37182538 -0.25
37333569 -0.25
37534055 -0.25
37623615 -0.25
37629287 -0.25
37638137 -0.25
37639685 -0.25
37650346 -0.25
37654034 -0.280992
37659262 -0.25
37693379 -0.25
37712408 -0.25
37723168 -0.25
37725313 -0.25
37726273 -0.25
37729306 -0.25
37729880 -0.25
37730656 -0.25
37751760 -0.25
37758677 -0.25
37801154 -0.25
37873784 -0.25
37941544 -0.25
37950321 -0.25
37951218 -0.25
37954166 -0.25
38042981 -0.25
38217219 -0.25
38314431 -0.25
38330100 -0.25
38406886 -0.25
38410937 -0.25
38411720 -0.25
38412921 -0.25
38414287 -0.25
38416906 -0.25
38435094 -0.25
38512775 -0.25
38541296 -0.25
38547937 -0.25
38550720 -0.25
38583663 -0.226415
38584151 -0.136364
38602426 -0.25
38613404 -0.25
38615265 -0.25
38617632 -0.25
38620074 -0.25
38625235 -0.25
38638596 -0.25
38647152 -0.25
38647923 -0.25
38655878 -0.280992
38667455 -0.25
38674694 -0.25
38682870 -0.25
38685933 -0.25
38708653 -0.25
38717133 -0.25
38725877 -0.25
38729419 -0.25
38740187 -0.25
38762203 -0.25
38789290 -0.25
38821175 -0.25
38826267 -0.25
38842230 -0.25
38846003 -0.25
38851666 -0.184211
38857785 -0.25
38860035 -0.25
38881435 -0.25
38908307 -0.25
38935468 -5.20417e-17
38957458 -5.20417e-17
38978221 -5.20417e-17
38979598 -0.25
39002760 -0.25
39004032 -0.25
39080951 -0.25
39084751 -0.25
39085373 -0.25
39089284 -0.25
39090899 -5.20417e-17
39115425 -0.280992
39122328 -5.20417e-17
39126047 -0.25
39133046 -0.25
39145007 -5.20417e-17
39145907 -5.20417e-17
39166943 -5.20417e-17
39244018 -0.153846
39283955 -0.153846
39311071 0.166667
39312282 0.166667
39312942 0.166667
39313400 -1.12757e-16
39314111 0.166667
39320391 -1.12757e-16
39329291 -1.12757e-16
39333124 -0.0526316
39339797 -5.20417e-17
39341080 -1.12757e-16
39353613 -1.12757e-16
39370658 -1.12757e-16
39380369 -1.12757e-16
39381143 -1.12757e-16
39396336 -0.153846
39397529 -0.153846
39423679 0.166667
39445703 -5.20417e-17
39448756 0.166667
39466798 -5.20417e-17
39472450 0.166667
39482698 -0.153846
39483785 0.166667
39500842 0.0625
39503852 0.166667
39504882 -1.12757e-16
39516264 0.166667
39544044 -5.20417e-17
39545696 -0.153846
39550378 0.166667
39553236 -0.2
39555068 -0.264368
39563544 0.166667
39567015 -0.2
39568379 -0.2
39569973 -5.20417e-17
39578828 -0.153846
39585022 0.166667
39587897 -5.20417e-17
39592888 0.166667
39596397 0.0625
39599044 -0.136364
39620534 -0.184211
39627702 -5.20417e-17
39634305 0.25
39634936 -5.20417e-17
39642067 -5.20417e-17
39661019 -0.195652
39665103 -1.12757e-16
39666162 -1.12757e-16
39667079 -1.12757e-16
39668859 -1.12757e-16
39671906 -1.12757e-16
39673369 0.25
39677443 -1.12757e-16
39698054 4.16334e-17
39703920 0.107143
39704565 4.16334e-17
39711372 -0.2
39712323 4.16334e-17
39715128 -0.184211
39730938 -0.264368
39732033 -0.264368
39753505 -0.2
39767727 4.16334e-17
39768761 -5.20417e-17
39775923 -0.136364
39778742 0.166667
39780143 0.166667
39790743 0.166667
39795775 0.166667
39808726 -0.136364
39812316 -0.2
39814003 -0.2
39823214 -0.2
39838303 0.166667
39851748 0.0625
39852696 0.166667
39863366 0.166667
39866825 0.166667
39877133 0.166667
39889429 0.0625
39889966 0.166667
39894991 0.166667
39897250 0.166667
39919769 0.166667
39924227 0.166667
39928432 0.166667
39934224 0.166667
39940256 0.166667
39941515 0.166667
39945701 0.0625
39946805 0.166667
39958893 0.166667
39961848 0.166667
39966977 -5.20417e-17
39993570 -0.184211
40000769 0.25
40003226 0.166667
40021897 -5.20417e-17
40027724 0.166667
40041145 -5.20417e-17
40060287 0.166667
40063716 -5.20417e-17
40070588 0.166667
40077025 0.166667
40088239 0.166667
40091340 -5.20417e-17
40092468 0.166667
40096295 -0.184211
40096972 -0.184211
40110328 -0.184211
40122680 -0.25
40124478 -0.184211
40147994 -5.20417e-17
40153469 -5.20417e-17
40154127 -5.20417e-17
40154649 -5.20417e-17
40161988 -5.20417e-17
40180841 -5.20417e-17
40185297 -5.20417e-17
40235404 -5.20417e-17
40258712 -5.20417e-17
40311793 -5.20417e-17
40327031 -5.20417e-17
40356991 -5.20417e-17
40360022 -5.20417e-17
40362570 -5.20417e-17
40364615 -5.20417e-17
40368202 -5.20417e-17
40453540 -5.20417e-17
40454101 -5.20417e-17
40454869 -5.20417e-17
40456364 -0.2
40457357 -5.20417e-17
40457835 -5.20417e-17
40460270 -5.20417e-17
40509809 -5.20417e-17
40532174 -5.20417e-17
40553880 -5.20417e-17
40565506 -0.2
40566145 -0.0526316
40589605 -0.136364
40604134 -5.20417e-17
40607791 -5.20417e-17
40609621 -5.20417e-17
40612022 4.16334e-17
40616322 -0.2
40625499 4.16334e-17
40626326 -5.20417e-17
40627914 -5.20417e-17
40633633 -0.2
40648716 -0.2
40649856 -0.0185185
40652290 4.16334e-17
40653575 4.16334e-17
40657421 4.16334e-17
40658010 4.16334e-17
40664943 -5.20417e-17
40666705 -5.20417e-17
40700381 -0.2
40701593 -0.2
40702678 -0.2
40714703 -0.2
40722490 0.107143
40730110 4.16334e-17
40758231 -0.136364
40804255 -0.264368
40812363 -0.2
40813466 -0.25
40814402 -0.25
40815201 -0.2
40817534 -0.226415
40835717 -0.25
40842798 -0.2
40846146 -5.20417e-17
40857524 -5.20417e-17
40875934 -0.2
40889261 -0.2
40913417 -5.20417e-17
40920123 -5.20417e-17
40928003 -5.20417e-17
40928793 -5.20417e-17
40930936 -5.20417e-17
40931422 -0.2
40940428 -0.264368
40943317 -0.153846
40947546 0.0625
40949698 -5.20417e-17
40955966 -5.20417e-17
40956596 -0.153846
40959504 -0.153846
40968118 -0.136364
40975550 -0.2
40981380 -0.2
40983380 4.16334e-17
40983978 -0.00515464
40994439 -0.153846
40998890 -0.264368
41038609 4.16334e-17
41039115 -0.153846
41040700 4.16334e-17
41067312 0.107143
41078689 -0.134918
41080083 -0.2
41083075 -0.25
41090460 -0.2
41094092 4.16334e-17
41097029 -0.2
41097686 4.16334e-17
41114125 4.16334e-17
41114786 4.16334e-17
41115893 4.16334e-17
41128844 -5.20417e-17
41136329 -5.20417e-17
41142448 -5.20417e-17
41144170 -5.20417e-17
41156668 -0.25
41179681 -0.25
41206195 4.16334e-17
41208641 -0.2
41234310 0.107143
41245021 0.150295
41277852 4.16334e-17
41302075 -5.20417e-17
41324651 0.047619
41350974 4.16334e-17
41382652 -0.25
41384134 -0.25
41403121 -5.20417e-17
41410319 -0.184211
41415094 -0.184211
41416616 0.166667
41422997 0.166667
41426571 0.166667
41427252 0.166667
41432839 -0.195652
41441274 -0.25
41444606 -0.195652
41445302 -0.136364
41482648 -5.20417e-17
41497702 -5.20417e-17
41526371 -5.20417e-17
41531258 -5.20417e-17
41543118 -5.20417e-17
41544174 -5.20417e-17
41544629 -5.20417e-17
41545578 -5.20417e-17
41683778 -0.25
41695366 -0.25
41702818 -0.25
41727132 -0.25
41787747 -5.20417e-17
41789966 -5.20417e-17
41794789 -5.20417e-17
41798184 -5.20417e-17
41847331 -0.25
41945217 -5.20417e-17
41975550 -5.20417e-17
41985535 -5.20417e-17
42073473 -0.153846
42096962 -5.20417e-17
42098612 -0.25
42101540 -0.25
42108934 -0.25
42112465 -0.25
42152337 -0.25
42182819 -0.25
42215041 -0.25
42291659 -0.184211
42295078 -0.0526316
42299791 -5.20417e-17
42320880 -0.136364
42370864 -0.184211
42411070 -5.20417e-17
42427523 -1.12757e-16
42442521 -5.20417e-17
42458613 -0.153846
42478488 -0.153846
42489974 -0.136364
42499094 -0.153846
42520476 -0.153846
42522092 0.25
42523943 0.047619
42527503 -0.136364
42534287 0.047619
42582954 0.047619
42605658 -5.20417e-17
42651523 -0.153846
42673558 -0.153846
42678843 -0.153846
42679553 -0.153846
42683516 -0.153846
42730709 -0.0526316
42737127 -0.153846
42753164 -5.20417e-17
42765051 -0.153846
42785349 -5.20417e-17
42826187 -1.12757e-16
42865743 -1.12757e-16
42872802 -1.12757e-16
42915643 -0.153846
42930044 -1.12757e-16
42935784 -5.20417e-17
42948864 -1.12757e-16
42975469 -1.12757e-16
42985495 -1.12757e-16
43004026 -1.12757e-16
43018453 -5.20417e-17
43032337 -1.12757e-16
43072430 -1.12757e-16
43083523 -1.12757e-16
43090298 -1.12757e-16
43107535 -5.20417e-17
43112945 -5.20417e-17
43168584 0.0625
43230817 -5.20417e-17
43367206 -5.20417e-17
43376970 -5.20417e-17
43393168 -5.20417e-17
43429759 0.166667
43435248 -5.20417e-17
43440684 -5.20417e-17
43481138 -5.20417e-17
43703500 -0.25
43775990 -5.20417e-17
43776624 -5.20417e-17
43780375 -0.136364
43784710 -0.136364
43788257 -0.25
43803934 -0.25
43821442 -0.25
43861406 -0.25
43879590 -0.25
43883302 -0.25
43892958 -0.25
43896610 -0.280992
43933641 -0.184211
43936904 -0.25
43947821 -0.25
43950099 -0.25
43953384 -0.25
43963206 -0.25
44029582 -5.20417e-17
44037267 -5.20417e-17
44117604 -0.0526316
44226448 -0.136364
44251617 -0.136364
44284751 -0.136364
44306758 -0.25
44332993 -0.136364
44339616 -0.136364
44347373 -0.136364
44355845 -0.136364
44409157 -0.25
44427664 -0.153846
44434423 -0.25
44437493 -0.153846
44441196 -0.153846
44442246 -0.153846
44445656 -0.25
44464449 -0.25
44478874 -0.25
44496502 -0.25
44504723 -0.25
44505896 -0.25
44539782 -0.25
44546704 -0.25
44551774 -0.25
44553129 -0.25
44702951 -0.153846
44714875 -0.153846
44734830 -0.153846
44765738 -0.153846
44766619 -0.153846
44784870 -0.153846
44785530 -0.153846
44787828 -0.153846
44788791 -0.153846
44911637 -0.25
44912284 -0.25
44975684 -5.20417e-17
45098324 -0.25
45101723 -5.20417e-17
45106877 -0.25
45135713 -0.136364
45159926 -5.20417e-17
45170092 -0.136364
45207651 -5.20417e-17
45264313 -5.20417e-17
45505123 -0.153846
45516123 -0.153846
45519217 -0.153846
45524177 -0.153846
45577282 -0.153846
45610076 -0.153846
45623364 -0.153846
45625797 -0.153846
45627478 -0.153846
45630588 -0.153846
45647542 0.107143
45780363 0.107143
45785740 0.107143
45789843 0.107143
45795780 0.107143
45807464 0.107143
45820474 0.107143
45824097 0.107143
45832608 0.107143
45833086 0.107143
45837555 0.107143
45844672 0.107143
45853158 0.107143
45855719 0.107143
45991978 0.107143
45998590 -5.20417e-17
46001849 0.411765
46039500 0.107143
46049292 0.411765
46051586 0.411765
46061446 0.411765
46153743 -0.00515464
46284615 0.107143
46310608 0.107143
46430339 -5.20417e-17
46441136 -5.20417e-17
46446975 -5.20417e-17
46451976 -5.20417e-17
46461916 -5.20417e-17
46462690 -5.20417e-17
46530067 -5.20417e-17
46537888 -5.20417e-17
46584953 -5.20417e-17
46601391 -5.20417e-17
46646311 -5.20417e-17
46648827 -5.20417e-17
46697848 -5.20417e-17
46894333 -5.20417e-17
46907259 -5.20417e-17
46908679 -5.20417e-17
47068890 0.107143
47075851 0.107143
47080617 -0.179775
47095510 -0.263158
47109114 -0.105769
47110490 -0.00515464
47117460 -0.0185185
47215611 -0.0185185
47219098 -0.0185185
47225152 -0.0185185
47262439 -0.00515464
47275821 -0.0185185
47278823 -0.00515464
47292735 -0.0185185
47303895 -0.2
47306820 -0.226415
47311371 -5.20417e-17
47341681 -0.25
47348034 -0.25
47358089 -0.25
47362810 -0.0185185
47366984 -0.153846
47371477 -0.195652
47374288 -5.20417e-17
47380421 -5.20417e-17
47395792 -5.20417e-17
47413058 -5.20417e-17
47417614 -5.20417e-17
47418585 -5.20417e-17
47419355 -0.2
47449589 -5.20417e-17
47466626 -5.20417e-17
47499846 0.0625
47501756 -5.20417e-17
47506584 -5.20417e-17
47512849 -5.20417e-17
47513294 -5.20417e-17
47515308 -5.20417e-17
47532482 -5.20417e-17
47538801 -5.20417e-17
47573941 -5.20417e-17
47574771 -5.20417e-17
47575918 -5.20417e-17
47611811 -5.20417e-17
47627402 -0.25
47631041 -5.20417e-17
47640338 -5.20417e-17
47646034 0.0625
47702730 -5.20417e-17
47704219 -5.20417e-17
47705464 0.0625
47725315 -0.0526316
47760915 -5.20417e-17
47768773 -0.25
47773295 -5.20417e-17
47808145 -5.20417e-17
47825902 -5.20417e-17
47855381 -0.25
47857148 -0.25
47875004 -5.20417e-17
47891626 -5.20417e-17
47902525 -5.20417e-17
47914467 -5.20417e-17
47916882 -5.20417e-17
47923447 -5.20417e-17
47924368 -5.20417e-17
47941160 -5.20417e-17
47942834 -5.20417e-17
47943989 -5.20417e-17
47945589 -5.20417e-17
47971034 -5.20417e-17
48001706 -5.20417e-17
48018792 -5.20417e-17
48020814 -5.20417e-17
48021375 -5.20417e-17
48022658 -5.20417e-17
48041808 -5.20417e-17
48048997 -5.20417e-17
48051672 0.276765
48075547 -5.20417e-17
48100079 -5.20417e-17
48101476 -5.20417e-17
48101923 -5.20417e-17
48122718 -0.25
48164277 -0.25
48167954 -0.25
48170072 -0.25
48176165 -5.20417e-17
48179429 -5.20417e-17
48192842 0.166667
48211526 -5.20417e-17
48235566 -5.20417e-17
48250286 -5.20417e-17
48297027 -5.20417e-17
48332153 -5.20417e-17
48349826 -5.20417e-17
48356342 -5.20417e-17
48369284 0.166667
48378328 0.0625
48382254 -5.20417e-17
48382782 -5.20417e-17
48389479 -5.20417e-17
48403920 -5.20417e-17
48414286 -5.20417e-17
48415818 -5.20417e-17
48416282 -5.20417e-17
48429551 -5.20417e-17
48430266 -5.20417e-17
48434768 -5.20417e-17
48446262 -5.20417e-17
48461670 -5.20417e-17
48467458 -5.20417e-17
48491047 -5.20417e-17
48492434 -5.20417e-17
48492938 -5.20417e-17
48494171 -5.20417e-17
48496187 -5.20417e-17
48497604 -5.20417e-17
48531024 -5.20417e-17
48531897 -5.20417e-17
48532595 -5.20417e-17
48537767 0.166667
48543421 -5.20417e-17
48548254 -5.20417e-17
48556155 -5.20417e-17
48560653 -5.20417e-17
48564005 0.0625
48566582 -5.20417e-17
48567990 -5.20417e-17
