27757 0.166667
66755 0.25
324571 0.25
377917 -0.153846
437287 -0.153846
474188 0.0625
511543 -0.153846
544120 0.0625
567184 0.5
626621 0.0625
740564 -0.136364
768725 -0.136364
885796 -0.153846
937687 -0.153846
1003477 0.25
1035358 -0.153846
1117063 -0.153846
1159784 0.25
1252428 0.25
1322421 0.5
1367648 -0.264368
1398324 -0.264368
1438856 -0.153846
1471825 -0.153846
1499122 -0.153846
1710149 0.25
1768451 0.25
1823703 -0.264368
1900612 0.25
1973159 -5.20417e-17
1998747 -0.153846
2025144 -0.153846
2055850 -0.136364
2103270 -5.20417e-17
2132961 -5.20417e-17
2191814 -5.20417e-17
2463480 -0.153846
2554466 -0.153846
2629427 -0.153846
2749908 -5.20417e-17
2795849 0.25
2878578 0.25
2928686 -0.25
2960670 -0.136364
4157086 -0.153846
4619580 0.25
4891646 0.25
5017289 -0.153846
5121294 0.25
5174363 -0.153846
5255911 -0.153846
5430898 -0.153846
5465048 -0.153846
5501662 -0.153846
5553405 -0.153846
5589140 -0.153846
5631785 -0.153846
5672080 -0.153846
5724230 -0.153846
5789003 -0.153846
5846879 -0.153846
5924884 -0.25
6154918 -0.25
6185319 -0.25
6739279 -0.25
6770143 -0.25
6855439 -0.25
7000719 -0.2
7050908 -0.25
7097137 -0.25
7193306 -0.25
7320632 -0.25
7353724 -0.25
7415572 -0.25
7527572 -0.25
7689167 -0.2
7723447 -0.25
7767773 0.25
7822373 -0.25
7992826 -0.25
8092634 -0.25
8175037 -0.25
8314550 -0.264368
8388153 -0.153846
8418162 -0.25
8597072 -0.25
8636611 -0.25
8731994 -0.25
8859410 -0.25
8942044 -0.2
8982711 -0.25
9031127 -0.25
9157868 -0.25
9201098 -0.25
9399967 -0.25
9465834 -0.25
9489024 -0.25
9654835 -0.25
9755243 -0.25
9780734 -0.25
10002454 -0.25
10027314 -0.25
10071637 -0.25
10106114 -0.264368
10178216 -0.25
10254066 -5.20417e-17
10310757 -5.20417e-17
10423581 0.25
10706972 0.25
10851776 0.25
10891698 0.25
11106359 0.25
11130398 0.25
11195187 0.194631
11259402 0.25
11369706 0.25
11498741 0.25
11559403 0.25
11620217 0.25
11660345 -0.25
11706814 0.194631
11743221 0.25
11798192 0.25
11887842 0.25
11958884 0.4
12029850 0.25
12108312 0.25
12141216 0.25
12191215 0.25
12219124 0.166667
12255883 0.25
12378273 0.25
12479507 -0.25
12528635 0.25
12696278 0.25
12909606 -0.25
12937337 0.25
13035748 0.25
13136275 0.25
13235023 -0.25
13273026 -0.25
13331067 0.25
13389672 0.047619
13451150 0.25
13550863 -0.25
13595196 0.25
13601161 0.25
13625406 0.25
13626971 0.107143
13636461 0.107143
13686728 4.16334e-17
13691537 4.16334e-17
13706451 -0.0526316
13717884 0.107143
13721305 -0.25
13724518 0.107143
13726038 0.107143
13748577 0.25
13809055 0.107143
13819188 0.107143
13880536 -0.25
13881561 -0.25
13917007 0.25
13933990 0.25
13992520 -0.25
13993794 -0.25
14009146 -0.25
14039462 -0.25
14041704 -0.25
14042903 -0.25
14046303 -0.25
14049233 -0.25
14063356 0.107143
14065806 0.25
14085600 -0.153846
14094002 -0.153846
14095395 -5.20417e-17
14118184 0.107143
14124145 -0.0526316
14143523 0.107143
14146656 0.107143
14160266 -0.0185185
14261416 -5.20417e-17
14280907 -5.20417e-17
14288110 -5.20417e-17
14292294 -5.20417e-17
14319652 -5.20417e-17
14324485 -5.20417e-17
14329829 -1.12757e-16
14470669 0.107143
14521280 0.107143
14525702 -0.153846
14530383 0.107143
14532892 -0.153846
14537134 -0.153846
14541262 0.107143
14567149 -0.264368
14573926 -0.153846
14577952 -0.153846
14579796 -0.153846
14595274 0.107143
14596163 0.107143
14610894 -0.153846
14614010 -0.153846
14617424 0.107143
14628798 0.107143
14629652 0.107143
14630007 0.107143
14649574 0.107143
14650769 0.107143
14652932 0.107143
14653787 0.107143
14664072 -0.153846
14709947 0.107143
14710310 -0.0989011
14715562 0.107143
14720063 -0.136364
14722839 -0.153846
14724644 0.107143
14725356 -0.153846
14726195 -0.153846
14728499 -0.153846
14730450 -0.00515464
14733264 0.107143
14735622 0.107143
14738374 -0.0185185
14740236 0.107143
14742765 -0.153846
14744989 0.107143
14746820 -0.136364
14748561 0.107143
14752429 0.107143
14753720 0.107143
14757057 -0.136364
14763135 0.107143
14764704 0.107143
14773665 -0.25
14774149 -5.20417e-17
14774832 -5.20417e-17
14776861 -0.25
14777535 -0.25
14778020 -5.20417e-17
14778952 -0.25
14788065 -5.20417e-17
14792704 -5.20417e-17
14812785 -5.20417e-17
14813947 -5.20417e-17
14897511 -0.25
14898875 -0.25
14905971 -5.20417e-17
14912595 -0.25
14924865 -5.20417e-17
14925909 -0.25
14932385 -5.20417e-17
14949741 -0.226415
14960895 -0.25
14961696 -0.25
14976133 -0.25
14986021 -5.20417e-17
14987056 -5.20417e-17
14988019 -0.0526316
14991234 -5.20417e-17
14994457 -0.25
14995236 -0.25
15002021 -0.136364
15004908 -0.25
15014395 -0.25
15033394 -0.136364
15041497 -5.20417e-17
15056185 0.107143
15059912 -5.20417e-17
15069137 0.107143
15075811 -0.153846
15099548 0.107143
15112277 0.310345
15125551 0.107143
15126101 -0.25
15126883 -0.25
15128120 -0.25
15137145 4.16334e-17
15159673 0.107143
15168187 0.107143
15173753 -0.25
15177860 -0.25
15181799 0.107143
15183485 0.107143
15188433 0.25
15198737 -0.25
15199324 0.107143
15205294 -0.25
15207825 0.25
15208326 0.25
15210002 0.107143
15210493 0.107143
15212197 0.107143
15226362 0.0625
15233322 0.107143
15233907 -5.20417e-17
15241356 0.107143
15248095 0.107143
15250217 0.107143
15251660 -0.136364
15253525 4.16334e-17
15259977 0.107143
15260569 4.16334e-17
15267481 0.107143
15268037 0.107143
15272270 0.107143
15275414 -0.136364
15287802 0.107143
15288907 -0.136364
15292680 -0.280992
15304996 -0.153846
15342401 -0.136364
15365235 0.107143
15377081 0.107143
15389121 0.107143
15483907 0.107143
15492987 0.107143
15495491 0.107143
15496157 0.107143
15499270 0.107143
15515088 0.107143
15516901 0.107143
15528498 -0.25
15529053 -0.25
15539966 -0.25
15542776 -0.25
15543548 -0.25
15624186 0.107143
15756839 -0.136364
15759606 -0.136364
15760012 -0.136364
15760739 -0.136364
15761875 -0.136364
15833324 -0.136364
15834409 -0.136364
15841439 -0.136364
15865614 -0.136364
15868198 -0.136364
15895524 -0.136364
15896253 -0.136364
15896737 -0.136364
15903876 -0.136364
15917846 -0.25
15919130 -0.136364
15927413 -0.136364
15941689 -0.136364
15946912 -0.136364
15948186 -0.136364
15952204 -0.25
15956698 -0.136364
16017061 -0.25
16020523 -5.20417e-17
16022026 -0.25
16031844 -0.25
16048566 -0.25
16051820 -0.25
16054978 -0.25
16056107 -0.25
16057304 -0.25
16084303 -0.25
16126274 -0.153846
16328593 -0.25
16350701 -0.25
16417884 -0.25
16455228 -0.136364
16493900 -0.136364
16558891 -0.25
16561515 -0.25
16565681 -0.25
16567805 -0.25
16572167 -0.25
16595468 -0.25
16620358 -0.25
16736740 -0.153846
16746781 -5.20417e-17
16756004 0.25
16794603 -0.25
16795144 -0.264368
16796464 -0.153846
16797205 -0.153846
16798197 -0.25
16804858 -0.153846
16811968 -0.25
16812499 -0.25
16816882 -0.153846
16825744 -0.153846
16841783 -0.25
16850039 0.25
16852674 -0.136364
16869677 -0.264368
16871244 -0.25
16873796 -0.25
16893624 -0.25
16895988 -0.184211
16900753 -0.25
16905580 -0.25
16915696 -0.25
16925180 -0.25
16926707 -0.25
16972380 -0.0526316
16991878 -0.25
16995402 -0.25
17001366 -0.136364
17007724 -0.136364
17019407 -0.136364
17026700 -0.136364
17041186 -0.136364
17044187 0.25
17047053 -0.136364
17048632 -0.136364
17057423 -5.20417e-17
17062998 -0.136364
17111487 -5.20417e-17
17125100 0.25
17127253 0.25
17143427 -0.153846
17170890 0.25
17171371 0.194631
17177160 0.047619
17184093 0.194631
17189623 0.25
17240761 0.194631
17265691 -0.136364
17268926 -0.136364
17270927 -0.136364
17272186 -0.226415
17304314 0.25
17307263 0.25
17309969 0.25
17316431 0.25
17331085 -0.25
17332230 -0.25
17332656 -0.25
17340136 -0.25
17342670 -0.25
17344224 -0.25
17345113 -0.25
17346558 -0.136364
17348255 -0.25
17349086 -0.25
17385388 -0.25
17391670 -0.25
17394267 -0.25
17401819 -0.25
17404890 -0.25
17416147 -0.25
17418716 -0.25
17420369 -0.25
17432376 -0.25
17484870 0.25
17541062 0.25
17542081 0.25
17543084 0.25
17550011 0.25
17555661 0.25
17558664 -0.0309558
17561181 0.25
17566883 0.25
17568893 0.25
17575237 0.25
17611721 0.25
17613427 0.25
17617906 0.25
17622874 0.194631
17646784 0.047619
17649931 0.25
17651156 0.25
17653984 0.25
17658325 0.25
17664606 0.25
17670971 0.25
17672936 -0.136364
17681538 0.25
17695134 -5.20417e-17
18015646 -0.25
18037216 -0.25
18043548 -5.20417e-17
18046553 -5.20417e-17
18082284 -0.25
18094450 -0.136364
18107607 -0.25
18108410 -0.136364
18124609 -0.25
18132162 -0.25
18149386 -0.25
18156952 -0.25
18159747 -0.25
18171146 -0.25
18179590 -0.25
18194510 -0.25
18195098 -0.25
18211337 -5.20417e-17
18229150 -0.25
18230376 -0.25
18242340 -0.25
18248678 -0.25
18257073 -0.25
18298544 -0.0526316
18315025 -0.0526316
18327972 -5.20417e-17
18328671 -0.25
18330199 -0.25
18331333 -0.0526316
18335140 -0.25
18340660 -0.25
18343615 -0.25
18343970 -0.25
18362819 -0.25
18367874 -0.153846
18379941 -0.25
18383168 -0.25
18384763 -0.25
18386189 -0.25
18389859 -0.25
18409325 -0.25
18411657 -0.25
18415212 -0.25
18422698 -0.25
18424511 -0.25
18425541 -0.25
18426640 -0.25
18433993 -0.25
18434960 -0.0526316
18435549 -0.25
18443630 -0.25
18451563 -0.25
18458707 -0.25
18462498 -0.25
18473275 -0.25
18482004 -0.25
18482480 -0.25
18488953 -0.25
18502382 -0.25
18512086 -0.25
18519005 -0.25
18519484 -5.20417e-17
18520168 -0.25
18520749 -0.0526316
18524863 -0.25
18525945 -0.25
18527114 -0.25
18528339 -0.25
18531998 -0.25
18552568 -5.20417e-17
18556212 -0.25
18561540 -5.20417e-17
18565265 -0.0526316
18567932 -5.20417e-17
18575867 -0.153846
18644670 -0.136364
18693392 -0.136364
18857463 0.107143
18860062 0.107143
18873313 0.5
18884585 0.274194
18903650 0.107143
18907264 0.107143
18908193 0.107143
18955770 0.411765
18970869 0.107143
18975096 0.411765
19001523 0.107143
19004526 -5.20417e-17
19033491 0.411765
19083710 -5.20417e-17
19090220 -5.20417e-17
19097062 -5.20417e-17
19108931 -5.20417e-17
19131060 -5.20417e-17
19145102 -5.20417e-17
19181899 0.25
19216695 0.25
19220774 0.25
19265439 0.411765
19273678 0.411765
19282735 0.411765
19308479 0.411765
19372435 -5.20417e-17
19373536 -0.136364
19374036 0.411765
19414930 0.107143
19415514 0.107143
19419302 0.107143
19421239 4.16334e-17
19422665 0.411765
19423198 0.411765
19425299 0.411765
19443133 -0.136364
19451532 0.411765
19470199 0.411765
19470796 0.411765
19482074 -5.20417e-17
19508663 -0.136364
19519577 -0.136364
19530933 -0.136364
19547951 -0.136364
19558613 -0.136364
19596378 0.411765
19596957 0.314159
19599094 0.411765
19614217 0.411765
20101231 -5.20417e-17
20107631 -5.20417e-17
20112179 -5.20417e-17
20124689 0.0625
20128890 -5.20417e-17
20130277 -5.20417e-17
20131391 -5.20417e-17
20132734 -5.20417e-17
20134430 -5.20417e-17
20137678 -5.20417e-17
20138365 -5.20417e-17
20160086 -5.20417e-17
20160629 -5.20417e-17
20161319 -5.20417e-17
20162806 -5.20417e-17
20168489 -5.20417e-17
20169935 -5.20417e-17
20172592 -5.20417e-17
20172967 0.0625
20192088 -1.12757e-16
20223337 -0.136364
20226704 -0.0526316
20229356 0.25
20239392 -0.25
20242637 -0.25
20266135 -0.25
20269033 -0.25
20281751 -0.25
20333950 -5.20417e-17
20334394 -5.20417e-17
20339017 -5.20417e-17
20357296 -0.226415
20369605 -0.195652
20400034 -0.226415
20404357 -0.25
20410686 -0.136364
20431993 -0.132075
20465930 0.274194
20471963 -0.25
20528713 -0.136364
20533548 -0.136364
20565648 -0.25
20597010 -0.136364
20628569 -0.25
20701079 0.107143
20814464 -5.20417e-17
20817643 -5.20417e-17
20839640 -5.20417e-17
20896502 -5.20417e-17
20933297 0.107143
20936168 -0.25
20939432 0.107143
20966554 -0.136364
20967444 0.107143
20972017 0.107143
20979770 0.107143
20984298 0.107143
21007643 -0.350482
21009704 -0.254603
21011704 -0.136364
21014295 -0.136364
21067848 0.25
21070351 0.25
21073871 0.25
21093648 0.25
21095928 0.25
21098117 0.25
21146052 0.166667
21146632 0.25
21147361 0.25
21148863 0.25
21149866 0.25
21167504 0.25
21176503 0.25
21176855 0.25
21179253 0.25
21182226 0.25
21190309 -5.20417e-17
21237135 -5.20417e-17
21248396 -5.20417e-17
21249684 -5.20417e-17
21259890 -5.20417e-17
21285502 -0.280992
21499384 -0.25
21516609 -0.25
21520285 -0.25
21563834 -0.25
21576028 -0.25
21586689 -0.25
21621035 -0.136364
21632895 -0.25
21648351 -0.25
21649205 -0.25
21665665 -0.136364
21683574 -0.136364
21755210 -0.25
21777086 -0.264368
21791132 -0.153846
21792083 -0.153846
21792472 -0.25
21794245 -0.25
21798082 -0.153846
21804352 -0.264368
21806407 -0.264368
21810264 -0.25
21816724 -0.153846
21821538 -0.153846
21822239 -0.153846
21824541 -0.153846
21825102 -0.153846
21825514 -0.153846
21831889 -0.25
21839487 -0.153846
21842704 -0.25
21845683 -0.25
21855479 -0.25
21897093 0.107143
21923846 0.107143
22038516 0.107143
22136960 -0.25
22181447 0.0625
22551254 -5.20417e-17
22623523 -5.20417e-17
23063311 -0.25
23170403 0.107143
23329861 -0.25
23528834 -0.136364
23602844 -0.136364
23681823 -0.25
23852214 -0.25
23886674 -0.25
23931630 -0.136364
24020858 -5.20417e-17
24090619 -5.20417e-17
24120830 -5.20417e-17
24167615 -0.25
24197633 -5.20417e-17
24251979 -0.25
24423315 -5.20417e-17
24451228 -5.20417e-17
24535142 -5.20417e-17
24618809 -0.136364
24632240 0.25
24645670 -0.153846
24696373 -0.25
24741448 -0.136364
24748152 -0.25
24887920 -0.197917
24890120 -5.20417e-17
24946276 -0.153846
24989931 -5.20417e-17
24994149 -0.136364
24996808 -0.136364
25040804 -5.20417e-17
25172194 -0.136364
25210324 -0.136364
25211928 -0.136364
25244362 -0.136364
25259816 -0.136364
25268844 -0.136364
25293894 -0.136364
25356806 -0.136364
25473455 -5.20417e-17
25868186 -0.136364
25927261 -0.153846
26010003 -0.2
26015168 -0.264368
26048763 -0.136364
26071401 -0.134918
26194440 -0.136364
26205172 -0.136364
26225305 -0.136364
26333455 -0.25
26344379 -0.153846
26717771 -5.20417e-17
27056603 -5.20417e-17
27058759 -5.20417e-17
27091136 -5.20417e-17
27196631 -0.25
27335661 -5.20417e-17
27385055 -0.0526316
27466801 -0.153846
27474675 -0.153846
27478816 -0.153846
27480006 -0.153846
27480490 -0.0185185
27496275 0.171067
27498171 -0.153846
27500463 -0.00515464
27501353 -0.153846
27501930 -0.00515464
27503066 -0.153846
27505392 -0.0185185
27577766 0.5
27643859 0.5
27651602 0.5
27700711 -0.136364
27754699 -5.20417e-17
27758358 -5.20417e-17
27759753 -5.20417e-17
27769439 -5.20417e-17
27770170 -5.20417e-17
27776206 -5.20417e-17
27801888 -5.20417e-17
27802397 -5.20417e-17
27862307 -5.20417e-17
27866368 -5.20417e-17
27869708 0.0625
27874365 4.16334e-17
27877847 -0.0526316
27879351 -0.0526316
27881220 0.107143
27882557 4.16334e-17
27884725 0.107143
27896769 0.107143
27899244 -5.20417e-17
27901285 -5.20417e-17
27902760 -5.20417e-17
27903383 -5.20417e-17
27921753 4.16334e-17
27925208 0.107143
27926371 -5.20417e-17
27939047 0.411765
27943258 0.107143
27955909 0.107143
27979190 0.107143
27991927 0.107143
27993494 0.107143
28001686 0.107143
28007195 0.107143
28008076 0.107143
28012499 0.107143
28051574 0.107143
28068421 -0.25
28084957 -5.20417e-17
28123724 0.25
28143152 0.25
28203902 0.25
28205004 0.25
28205850 -0.25
28206751 -0.25
28207736 0.107143
28211278 0.107143
28232514 0.25
28237927 -0.25
28238871 0.107143
28243199 -0.25
28246761 -0.25
28249992 -0.25
28250835 -0.25
28258030 0.25
28286301 -0.195652
28305241 -0.264368
28313305 0.25
28324765 -0.25
28326564 -0.25
28327021 -0.25
28341844 -0.25
28346050 -0.25
28351526 -0.25
28397668 -0.136364
28404551 0.411765
28418202 -0.136364
28419097 -0.136364
28420139 -0.136364
28431303 0.411765
28433621 0.411765
28438398 0.411765
28441637 0.411765
28443623 -0.136364
28449297 0.166667
28475417 -5.20417e-17
28480240 -5.20417e-17
28482336 -5.20417e-17
28496350 -0.25
28511930 0.194631
28518419 0.411765
28521566 0.411765
28540793 -0.136364
28542092 0.411765
28544205 0.25
28548247 -0.226415
28565373 0.107143
28566713 0.107143
28592896 0.25
28611208 -0.25
28611737 0.25
28614012 -0.0526316
28622330 -0.25
28630296 -0.0526316
28675217 -0.25
28695825 0.25
28708221 -0.25
28720904 0.25
28773568 0.25
28795604 -0.0526316
28802096 0.25
28822171 0.107143
28849709 0.107143
28853572 0.107143
28854222 0.107143
28854797 -0.25
28859734 0.107143
28867007 -0.25
28899640 -0.25
28904191 -0.25
28906031 -0.25
28918247 -0.25
28928028 0.107143
28938817 0.107143
28940038 0.107143
28940787 0.107143
28943747 -0.25
28944229 0.107143
28970569 0.411765
28975791 -0.136364
28990627 4.16334e-17
28995974 -0.25
28997953 -0.25
29002660 -5.20417e-17
29005010 -5.20417e-17
29022554 -5.20417e-17
29024296 -1.12757e-16
29033602 -0.136364
29040223 -5.20417e-17
29065321 -5.20417e-17
29068206 -5.20417e-17
29069348 -5.20417e-17
29093920 -5.20417e-17
29108594 -5.20417e-17
29111990 -5.20417e-17
29115515 -5.20417e-17
29115944 -5.20417e-17
29120003 -5.20417e-17
29128801 -5.20417e-17
29146397 -5.20417e-17
29149393 -5.20417e-17
29174543 -5.20417e-17
29176797 -5.20417e-17
29177321 -0.0526316
29177827 -5.20417e-17
29181004 -5.20417e-17
29195062 -5.20417e-17
29197445 -5.20417e-17
29208926 -5.20417e-17
29234402 -5.20417e-17
29252183 -0.0526316
29270634 0.25
29297527 -5.20417e-17
29300548 -5.20417e-17
29303317 -0.25
29307933 -5.20417e-17
29335356 -0.25
29354958 -5.20417e-17
29371710 -5.20417e-17
29372755 -5.20417e-17
29378102 -5.20417e-17
29381368 -5.20417e-17
29386760 -0.25
29391963 -5.20417e-17
29395231 -0.25
29399384 -0.25
29401788 -0.25
29403557 -5.20417e-17
29404198 -5.20417e-17
29405818 -5.20417e-17
29424758 -5.20417e-17
29445805 -5.20417e-17
29474302 0.25
29485852 -5.20417e-17
29512635 -5.20417e-17
29516674 -5.20417e-17
29527010 -5.20417e-17
29529589 -5.20417e-17
29532815 -5.20417e-17
29533624 -0.25
29564293 -5.20417e-17
29566710 -5.20417e-17
29613864 -5.20417e-17
29618502 -5.20417e-17
29629265 -5.20417e-17
29630754 -5.20417e-17
29650706 -5.20417e-17
29653273 -5.20417e-17
29658215 -5.20417e-17
29671496 -5.20417e-17
29675815 -5.20417e-17
29679914 -0.136364
29684259 -5.20417e-17
29698315 -0.136364
29716695 -5.20417e-17
29741893 -5.20417e-17
29751552 -0.25
29756149 -0.136364
29756692 -0.136364
29757687 -0.136364
29761581 -5.20417e-17
29771186 -5.20417e-17
29785354 -5.20417e-17
29790648 -0.25
29799152 -0.25
29808193 -0.153846
29834626 -0.25
29839120 -0.25
29924244 -5.20417e-17
29937407 -5.20417e-17
29939689 -5.20417e-17
29953266 -5.20417e-17
29970218 -0.25
29971253 -0.25
30012046 -5.20417e-17
30021132 -5.20417e-17
30023018 -0.25
30026216 -5.20417e-17
30065880 -0.25
30067943 -0.280992
30080662 -0.25
30086805 0.4
30117998 -5.20417e-17
30144416 -0.136364
30149493 0.25
30150736 -0.136364
30157326 0.25
30157970 -0.25
30159197 -0.153846
30160363 -0.25
30163006 0.25
30166984 -0.136364
30168466 -0.136364
30169300 -0.136364
30174929 -0.136364
30231951 -0.25
30233244 -0.0526316
30236507 -0.25
30241779 -0.136364
30257191 0.25
30269121 -0.25
30271391 -0.25
30272812 -5.20417e-17
30273197 -0.136364
30291675 -5.20417e-17
30300726 -0.25
30301385 -5.20417e-17
30305993 -5.20417e-17
30307399 -0.136364
30310256 -0.25
30322045 -0.136364
30323488 -0.136364
30325993 -0.226415
30329902 -5.20417e-17
30448124 0.25
30448961 0.25
30462695 0.25
30464619 -5.20417e-17
30465386 -5.20417e-17
30502735 -0.00515464
30518513 -0.25
30573364 -0.153846
30575285 -0.25
30603766 -0.25
30628076 -0.25
30646059 -5.20417e-17
30651865 -5.20417e-17
30654291 -5.20417e-17
30654707 -0.264368
30656224 -5.20417e-17
30660751 0.0625
30667266 0.107143
30700217 -0.153846
30724301 -5.20417e-17
30732555 0.107143
30765585 -0.25
30766058 -0.25
30772925 -0.153846
30773525 -0.264368
30773965 -0.153846
30776105 -0.153846
30783657 -0.153846
30875555 -0.153846
30899803 -0.153846
30998026 -0.153846
31005956 -0.0526316
31030352 -0.136364
31032063 -0.136364
31032655 -0.136364
31040358 -0.184211
31052068 -0.136364
31122750 -0.136364
31128032 -0.136364
31175409 -0.136364
31175794 -0.136364
31176440 -0.136364
31182598 -0.25
31185177 -5.20417e-17
31194188 -0.25
31212129 -0.25
31244954 -0.25
31259181 -0.25
31262263 -0.25
31286029 -0.136364
31325355 -0.136364
31330284 -5.20417e-17
31354945 -0.136364
31355807 -0.136364
31362822 -5.20417e-17
31364823 -5.20417e-17
31370228 -5.20417e-17
31394882 -0.136364
31400985 -0.136364
31403119 -0.25
31424758 -5.20417e-17
31449060 -0.136364
31503246 -0.136364
31514285 -0.136364
31514695 -0.136364
31555228 -0.136364
31615698 -0.25
31652722 0.25
31679152 -0.25
31691971 -0.136364
31732504 -5.20417e-17
31775110 -0.136364
31791054 -5.20417e-17
31794058 -0.136364
31799883 -5.20417e-17
31804839 -0.136364
31808105 -0.136364
31815135 -0.25
31815919 -0.136364
31845013 -0.136364
31878146 -0.136364
31921097 -0.136364
31939938 -0.136364
31950419 -0.184211
31956416 -0.136364
31963203 -0.136364
31983897 -0.136364
32004792 -0.136364
32049208 -0.153846
32060399 -0.0526316
32067961 -0.280992
32076088 -0.25
32089294 -0.25
32095516 -0.25
32098916 -0.0185185
32109291 -0.153846
32115321 -0.25
32116378 -0.153846
32118709 -0.25
32121965 -0.25
32154461 0.25
32156462 0.25
32178755 -0.25
32198349 0.25
32291638 -0.153846
32301951 -0.00515464
32347696 -5.20417e-17
32370983 -5.20417e-17
32378562 -5.20417e-17
32383257 -5.20417e-17
32395850 -5.20417e-17
32396290 -5.20417e-17
32398240 -5.20417e-17
32418720 -5.20417e-17
32424231 -5.20417e-17
32441836 -5.20417e-17
32459471 -0.0526316
32462674 -5.20417e-17
32466519 -5.20417e-17
32471979 -5.20417e-17
32474603 -5.20417e-17
32485718 -5.20417e-17
32525645 -0.136364
32559769 -5.20417e-17
32570888 -0.184211
32583988 -5.20417e-17
32593150 -5.20417e-17
32608885 -5.20417e-17
32610351 -5.20417e-17
32616365 -5.20417e-17
32636682 -5.20417e-17
32647685 -5.20417e-17
32673248 -5.20417e-17
32677565 -5.20417e-17
32694278 -5.20417e-17
32694952 -5.20417e-17
32704120 -5.20417e-17
32705627 -5.20417e-17
32720028 -5.20417e-17
32724355 -5.20417e-17
32725652 -5.20417e-17
32753325 -5.20417e-17
32797487 -5.20417e-17
32805451 -5.20417e-17
32807172 -5.20417e-17
32812577 -5.20417e-17
32814804 -5.20417e-17
32820590 -5.20417e-17
32829508 -5.20417e-17
32829881 -5.20417e-17
32830480 -5.20417e-17
32845654 -5.20417e-17
32849856 -5.20417e-17
32855165 -5.20417e-17
32865846 -5.20417e-17
32879360 -5.20417e-17
32891859 -5.20417e-17
32904795 -5.20417e-17
32917293 -5.20417e-17
32934656 -5.20417e-17
32948671 -5.20417e-17
32978732 -5.20417e-17
32999673 -5.20417e-17
33003508 -5.20417e-17
33014237 -5.20417e-17
33018554 -5.20417e-17
33025486 -5.20417e-17
33039146 -5.20417e-17
33040016 -5.20417e-17
33046220 -5.20417e-17
33046806 -5.20417e-17
33052153 -5.20417e-17
33059541 -5.20417e-17
33061109 -5.20417e-17
33065973 -5.20417e-17
33071204 -5.20417e-17
33071883 -5.20417e-17
33072853 -5.20417e-17
33074101 -5.20417e-17
33083626 -5.20417e-17
33085700 -5.20417e-17
33087237 -5.20417e-17
33088088 -5.20417e-17
33090640 -5.20417e-17
33100551 -5.20417e-17
33185988 -5.20417e-17
33223317 -0.136364
33297670 -5.20417e-17
33310301 -5.20417e-17
33379347 -5.20417e-17
33382909 -0.136364
33422715 -5.20417e-17
33466062 -5.20417e-17
33504867 -5.20417e-17
33543422 -5.20417e-17
33577536 -5.20417e-17
33578482 -5.20417e-17
33580485 -5.20417e-17
33694087 -5.20417e-17
33733255 -0.136364
33787472 -5.20417e-17
33790357 -5.20417e-17
33815541 0.0625
33834665 -5.20417e-17
33848274 -5.20417e-17
33868275 -5.20417e-17
33885563 -5.20417e-17
33923772 0.0625
34000158 -5.20417e-17
34008029 -5.20417e-17
34016284 -5.20417e-17
34056871 -5.20417e-17
34087365 -5.20417e-17
34153441 -5.20417e-17
34166970 -5.20417e-17
34169382 -0.187801
34187061 -5.20417e-17
34210814 -5.20417e-17
34216199 -5.20417e-17
34226865 -5.20417e-17
34230636 -5.20417e-17
34231643 -0.20675
34239346 -5.20417e-17
34243826 -5.20417e-17
34253271 -5.20417e-17
34269806 -5.20417e-17
34272570 -5.20417e-17
34273728 -5.20417e-17
34276074 -5.20417e-17
34276440 -5.20417e-17
34293145 -5.20417e-17
34298272 -5.20417e-17
34325919 -5.20417e-17
34336475 -5.20417e-17
34340197 -5.20417e-17
34340949 -5.20417e-17
34353300 -5.20417e-17
34363427 -5.20417e-17
34403387 -5.20417e-17
34418359 -5.20417e-17
34424245 -5.20417e-17
34441567 -5.20417e-17
34447344 -5.20417e-17
34454109 -5.20417e-17
34463291 -0.25
34476846 -0.25
34483751 -0.25
34487250 -0.25
34492524 -0.25
34514620 -0.25
34517972 -0.25
34518617 -0.25
34521348 -0.25
34521744 -0.25
34530536 -0.25
34563094 -0.25
34573905 -0.25
34603793 -0.25
34635765 -0.25
34642046 -0.25
34646050 -0.25
34646432 -0.25
34651727 -0.25
34656046 -0.25
34669831 -0.25
34683105 -0.25
34686183 -0.25
34700464 -0.25
34718005 -0.25
34775605 0.411765
34803539 -0.25
34809421 -5.20417e-17
34822795 -0.136364
34846930 -0.136364
34849137 0.666667
34900662 -0.136364
35505494 -5.20417e-17
35522090 -5.20417e-17
35645560 -0.25
35647825 -0.25
35665901 -5.20417e-17
35677879 -0.0526316
35730518 -5.20417e-17
35814032 0.25
35827999 -5.20417e-17
35836202 -5.20417e-17
35843532 -5.20417e-17
35843898 -5.20417e-17
35857223 -5.20417e-17
35870031 -5.20417e-17
35902968 -5.20417e-17
35910021 -5.20417e-17
35912369 -5.20417e-17
35916655 -5.20417e-17
35948473 -5.20417e-17
35954342 -5.20417e-17
35955188 -5.20417e-17
35956909 -5.20417e-17
35960188 -5.20417e-17
35968660 -5.20417e-17
35987287 -5.20417e-17
36010479 -5.20417e-17
36017438 -5.20417e-17
36019197 -5.20417e-17
36022131 -5.20417e-17
36023209 -5.20417e-17
36026888 -5.20417e-17
36027855 -5.20417e-17
36035227 -5.20417e-17
36035615 -5.20417e-17
36036748 -5.20417e-17
36039997 -5.20417e-17
36054324 -5.20417e-17
36055857 -5.20417e-17
36064524 0.0625
36068253 -5.20417e-17
36070110 -5.20417e-17
36070940 -5.20417e-17
36071554 -5.20417e-17
36079097 0.0625
36080671 -5.20417e-17
36082574 -5.20417e-17
36091254 -5.20417e-17
36097074 -5.20417e-17
36099050 0.166667
36104597 -5.20417e-17
36107060 -5.20417e-17
36155338 -5.20417e-17
36166900 -5.20417e-17
36175098 -0.25
36185678 -5.20417e-17
36190292 -5.20417e-17
36221688 -0.25
36241512 -0.25
36244080 -5.20417e-17
36257976 -5.20417e-17
36262405 -5.20417e-17
36272767 -5.20417e-17
36279757 -5.20417e-17
36325666 -5.20417e-17
36341134 -5.20417e-17
36343438 -5.20417e-17
36344993 -5.20417e-17
36346099 -5.20417e-17
36347508 -5.20417e-17
36349386 -5.20417e-17
36369436 -5.20417e-17
36371207 -5.20417e-17
36376597 -5.20417e-17
36380370 -5.20417e-17
36383616 -5.20417e-17
36384938 -5.20417e-17
36386453 -5.20417e-17
36389243 -5.20417e-17
36390290 -5.20417e-17
36396569 -5.20417e-17
36512047 0.25
36582335 -5.20417e-17
36592206 -5.20417e-17
36633876 -5.20417e-17
36634543 -5.20417e-17
36657588 -5.20417e-17
36686541 -5.20417e-17
36693510 -5.20417e-17
36792957 -5.20417e-17
36806286 -5.20417e-17
36824299 -5.20417e-17
36829408 -5.20417e-17
36837856 -5.20417e-17
36838397 -5.20417e-17
36886416 -5.20417e-17
36906850 -5.20417e-17
36930934 -5.20417e-17
36949066 -5.20417e-17
36958081 -5.20417e-17
36964799 -5.20417e-17
36969208 -5.20417e-17
36973523 0.25
36975480 -5.20417e-17
36976475 -5.20417e-17
36979911 -5.20417e-17
36986561 0.25
36991637 4.16334e-17
36995772 0.25
37003341 -5.20417e-17
37008375 0.25
37016309 0.25
37016724 0.0625
37027949 -5.20417e-17
37030739 -5.20417e-17
37033599 0.25
37035397 -0.153846
37036214 0.25
37036876 0.25
37045819 -5.20417e-17
37050736 0.25
37052686 -1.12757e-16
37063626 0.25
37078706 -5.20417e-17
37088010 -5.20417e-17
37091348 -5.20417e-17
37101542 -5.20417e-17
37148311 -0.25
37149685 -0.25
37153860 -0.25
37165831 -5.20417e-17
37172826 -0.25
37183652 -0.136364
37191011 -5.20417e-17
37195937 -5.20417e-17
37200032 -5.20417e-17
37205336 -5.20417e-17
37214144 -0.25
37286366 -5.20417e-17
37292545 -5.20417e-17
37307061 -0.25
37312231 -0.25
37319166 -5.20417e-17
37326265 -5.20417e-17
37329223 -5.20417e-17
37345193 -5.20417e-17
37362600 -0.25
37365297 -0.25
37372918 -5.20417e-17
37374945 -5.20417e-17
37376513 -5.20417e-17
37382571 -5.20417e-17
37387548 -5.20417e-17
37392990 -5.20417e-17
37395684 -5.20417e-17
37400090 -5.20417e-17
37402035 -5.20417e-17
37405516 -5.20417e-17
37410869 -5.20417e-17
37418662 -5.20417e-17
37440998 -5.20417e-17
37449226 -5.20417e-17
37457852 -5.20417e-17
37465322 -5.20417e-17
37472464 -5.20417e-17
37474706 -5.20417e-17
37483328 -5.20417e-17
37487046 -5.20417e-17
37488629 -5.20417e-17
37493154 -5.20417e-17
37496282 -5.20417e-17
37500251 -5.20417e-17
37500938 -5.20417e-17
37512233 -5.20417e-17
37513739 -5.20417e-17
37516428 -5.20417e-17
37525917 -5.20417e-17
37527009 -5.20417e-17
37529648 -5.20417e-17
37550786 -0.25
37551787 -0.25
37552404 -0.25
37553062 -0.136364
37557762 -5.20417e-17
37558418 -5.20417e-17
37560919 -5.20417e-17
37570734 -5.20417e-17
37573475 -5.20417e-17
37580369 -5.20417e-17
37586444 -5.20417e-17
37591009 -5.20417e-17
37599993 -5.20417e-17
37605819 -5.20417e-17
37615248 -5.20417e-17
37620420 -5.20417e-17
37640701 -5.20417e-17
37641277 -5.20417e-17
37653753 -5.20417e-17
37661116 -5.20417e-17
37663816 -5.20417e-17
37692711 -5.20417e-17
37701178 -5.20417e-17
37714318 -5.20417e-17
37718527 -5.20417e-17
37736159 -0.136364
37736872 -0.25
37741679 -5.20417e-17
37747433 -5.20417e-17
37748250 -5.20417e-17
37756892 -0.25
37764811 -5.20417e-17
37774478 -0.136364
37791220 -0.25
37809483 -5.20417e-17
37821143 -0.25
37826144 -5.20417e-17
37829506 -0.25
37856798 -0.136364
37857762 -0.136364
37948265 -0.136364
37951180 -0.136364
37963961 -0.136364
37965132 -0.136364
37968418 -0.136364
38005608 -0.136364
38027686 -5.20417e-17
38244543 -5.20417e-17
38362333 0.25
38366685 0.25
38501835 -0.153846
39149936 -5.20417e-17
39166425 -5.20417e-17
39192673 -5.20417e-17
39193611 -5.20417e-17
39200524 -5.20417e-17
39207273 -5.20417e-17
39208429 -5.20417e-17
39210206 -5.20417e-17
39210922 -0.0526316
39217039 -5.20417e-17
39222715 -5.20417e-17
39293625 -5.20417e-17
39298452 -0.136364
39311323 -0.25
39324287 -0.25
39350235 -0.25
39383879 -0.25
39427301 -0.25
39555872 -0.136364
39566492 -0.136364
39566967 -0.136364
39572950 -0.25
39578703 -0.25
39579803 -0.25
39581931 -0.25
39582374 -0.25
39582865 -0.25
39584641 -0.25
39586865 -0.25
39590255 -0.25
39607602 -0.25
39620391 -0.25
39637907 -0.136364
39644980 -0.136364
39651147 -0.136364
39654218 -0.136364
39660659 -0.195652
39670045 -0.136364
39723623 -0.153846
39728247 -0.153846
39731003 -0.153846
39731709 -0.153846
39744200 -0.153846
39887374 -0.153846
39911642 -0.0185185
39940316 -5.20417e-17
39973634 -5.20417e-17
39990704 -5.20417e-17
40007000 -5.20417e-17
40017050 -5.20417e-17
40034774 -5.20417e-17
40047995 -5.20417e-17
40050011 -5.20417e-17
40056432 -5.20417e-17
40068283 -5.20417e-17
40093680 -0.226415
40119814 -0.25
40123712 -0.25
40167119 -5.20417e-17
40199453 -5.20417e-17
40206776 -0.25
40217964 -5.20417e-17
40218678 -5.20417e-17
40233656 0.25
40236459 -5.20417e-17
40244469 -0.25
40336311 -5.20417e-17
40355673 -5.20417e-17
40356257 -5.20417e-17
40358719 -5.20417e-17
40382596 -5.20417e-17
40384023 -5.20417e-17
40416548 -0.25
40422362 -0.136364
40431850 -0.136364
40435570 -0.136364
40453012 -0.25
40462178 -0.136364
40485263 -0.25
40486199 -0.25
40488285 -0.25
40507296 -0.25
40557316 0.107143
40557947 0.107143
40558514 0.107143
40575767 -0.136364
40577094 -0.136364
40580849 -0.136364
40581503 -0.136364
40582106 -0.136364
40596929 -0.136364
40597986 -0.25
40608131 -5.20417e-17
40635158 -5.20417e-17
40647893 -5.20417e-17
40669970 -5.20417e-17
40703050 -0.25
40705516 -0.25
40726258 -0.25
40746317 -5.20417e-17
40771845 -0.25
40775303 -0.25
40780428 -0.25
40786052 -0.25
40792630 -0.25
40793063 -0.25
40802624 -0.25
40842247 -0.25
40857313 -0.25
40878186 -0.25
40900709 -0.25
40901955 -5.20417e-17
40906113 -0.25
40912369 -5.20417e-17
40915589 -0.25
40917357 -0.25
40920697 -0.25
40927220 -0.25
40937010 -0.25
40937804 -0.0526316
40956447 -0.25
40969536 -5.20417e-17
40974162 -0.25
40980791 -0.136364
40983126 -5.20417e-17
40983866 -0.25
40998839 -5.20417e-17
41011002 -0.25
41011835 -0.25
41012534 -0.25
41013295 -0.136364
41013764 -0.136364
41015501 -0.136364
41022707 -0.136364
41044611 -0.25
41110464 -0.25
41136830 -0.25
41157215 -0.25
41161329 -0.25
41199807 -5.20417e-17
41247800 -5.20417e-17
41254267 -5.20417e-17
41292816 -5.20417e-17
41327102 -5.20417e-17
41329992 -5.20417e-17
41335988 -5.20417e-17
41345485 -5.20417e-17
41372833 -5.20417e-17
41410913 -5.20417e-17
41412436 -5.20417e-17
41415108 -5.20417e-17
41459459 -5.20417e-17
41476787 -5.20417e-17
41478579 -5.20417e-17
41611412 -5.20417e-17
41620112 -5.20417e-17
41630848 -5.20417e-17
41632099 -5.20417e-17
41632561 -5.20417e-17
41633570 -5.20417e-17
41636754 -5.20417e-17
41640720 -5.20417e-17
41656068 -5.20417e-17
41690241 -5.20417e-17
41755907 -5.20417e-17
41879883 -5.20417e-17
41977201 -0.0795455
42027599 0.5
42058175 0.5
42068706 0.5
42076334 0.5
42101529 0.5
42110725 0.5
42118507 0.5
42122459 0.5
42161272 0.5
42175514 0.276765
42196925 0.5
42199537 0.5
42229759 0.393939
42324129 0.107143
42383660 0.393939
42392002 0.5
42395355 0.5
42416671 -0.136364
42423055 -0.184211
42497612 0.107143
42498060 -0.25
42512630 -0.153846
42576441 -0.25
42643435 0.107143
42650588 0.107143
42657053 0.107143
42661516 0.107143
42684818 0.107143
42692745 0.107143
42693351 0.107143
42711332 -0.153846
42725821 -0.153846
42752378 -0.153846
42792826 -0.153846
42805087 -0.153846
42805498 -0.153846
42815061 -0.153846
42815999 -0.153846
42863727 0.25
42890989 0.25
42896364 0.25
42903598 0.25
42922317 -5.20417e-17
43220826 -0.195652
43465485 -5.20417e-17
43467121 -5.20417e-17
43468660 -5.20417e-17
43477209 -5.20417e-17
43958068 -5.20417e-17
44058539 -0.264368
44281667 0.107143
44289742 0.274194
44344336 -5.20417e-17
44357080 -5.20417e-17
44683118 -0.136364
44693749 -0.136364
44922405 -0.195652
45072278 -0.2
45076128 -0.153846
45221203 -0.25
45255574 -0.25
45260477 -0.25
45331819 -0.136364
45335445 -1.12757e-16
45404759 -1.12757e-16
45433282 -0.195652
45462519 -0.264368
45474276 -0.184211
45487373 -0.184211
45538172 -0.136364
45542727 -0.136364
45572114 -0.136364
45577695 -0.136364
45615044 -0.136364
45646281 -0.136364
45672287 -0.136364
45682703 -0.136364
45783109 -0.136364
