56409 4.16334e-17
75018 4.16334e-17
84677 -0.136364
96434 4.16334e-17
106757 4.16334e-17
204209 4.16334e-17
321728 -0.0185185
396391 0.25
402671 0.25
421129 0.25
469489 0.25
486491 0.25
495401 0.25
501874 0.25
508340 4.16334e-17
514295 4.16334e-17
555823 4.16334e-17
575851 -0.2
586537 -0.136364
635354 -0.2
661515 -0.2
756672 -0.2
989803 -5.20417e-17
1001954 -0.00515464
1003029 -5.20417e-17
1011611 -0.2
1013942 -0.2
1016502 -0.264368
1040604 -0.2
1050723 -0.2
1065900 -0.2
1085128 -0.25
1116521 -0.153846
1123929 -0.2
1127604 -0.2
1137041 -0.2
1140187 -0.2
1149781 -0.2
1153182 -0.2
1165478 -0.2
1177080 -0.2
1209238 -0.195652
1232055 -0.0185185
1283476 -0.226415
1286436 -0.195652
1311694 -0.0185185
1382296 0.310345
1423044 -0.2
1455348 -0.264368
1470144 -0.0185185
1514139 -0.136364
1547465 -0.2
1554860 -0.2
1633381 -0.226415
1669148 -0.136364
1887035 -0.136364
1917510 -0.136364
1929190 -0.136364
1952235 -0.136364
1980846 -0.136364
1987967 -0.136364
1992867 -0.136364
2060568 -0.136364
2075540 -0.136364
2102753 -0.0185185
2109864 -0.153846
2116712 -0.136364
2118956 -0.184211
2124678 -0.0185185
2126907 -0.0185185
2137586 -0.136364
2144871 -0.136364
2159753 -0.136364
2162614 -0.136364
2186828 -0.0185185
2209505 -0.0526316
2224525 -0.153846
2244848 -0.136364
2248013 -0.136364
2252624 -0.136364
2259091 -0.136364
2277547 -5.20417e-17
2279375 -0.136364
2285044 -5.20417e-17
2292271 -5.20417e-17
2294967 -0.25
2307525 -0.136364
2310824 -0.136364
2326304 0.25
2341886 -0.136364
2376644 -0.136364
2423943 -0.264368
2431013 0.25
2434560 0.25
2435590 0.25
2479841 -0.136364
2497302 -0.136364
2501139 -0.136364
2535931 -0.136364
2546564 -0.136364
2557042 -0.136364
2561340 -0.136364
2564898 -0.136364
2631785 -0.136364
2636093 -0.136364
2648871 -0.136364
2690045 -0.136364
2704816 -0.136364
2739495 -0.136364
2763169 -0.136364
2768706 -0.136364
2818041 -0.136364
2824941 -0.25
2848793 -0.153846
2851643 -0.153846
2900288 -0.25
2933513 -0.25
2934385 -0.25
2944551 -0.25
2958633 -0.25
2980765 -0.25
3008113 -0.25
3025152 -5.20417e-17
3097486 -5.20417e-17
3134944 -0.25
3150161 -0.25
3195416 -0.25
3196325 -0.25
3218725 -0.136364
3227958 -0.25
3307580 -0.136364
3326280 -0.25
3338393 -0.25
3345288 -0.25
3348991 -0.25
3350078 -0.25
3355266 -0.25
3359421 -0.25
3367529 -0.25
3374179 -0.25
3388861 -0.25
3405369 -0.25
3418112 -0.136364
3425900 -0.136364
3429889 -0.136364
3434248 -0.136364
3437459 -0.184211
3450473 -0.25
3453683 -0.25
3458707 -0.25
3477770 -0.25
3485378 -0.25
3500545 -0.25
3517021 -0.25
3542966 -0.25
3579344 -0.264368
3590478 -0.25
3594803 -0.25
3603776 -0.25
3629411 -0.25
3632106 -0.264368
3667329 -0.25
3674987 -0.2
3699163 -0.25
3714067 -0.25
3725699 -0.25
3730112 -0.25
3732457 -0.25
3739404 -0.25
3744356 -0.25
3745611 -0.25
3747783 -0.25
3752035 -0.25
3757767 -0.25
3758763 -0.25
3759796 -0.25
3776660 -0.25
3797774 -0.25
3810429 -0.25
3815490 -0.25
3835527 -0.25
3836637 -0.25
3841995 -0.25
3843590 -0.25
3848233 -0.25
3887758 -0.25
3912620 -0.25
3988719 -0.25
4022639 -0.25
4035859 -0.25
4043556 -0.25
4045439 -0.25
4050833 -0.226415
4061004 -0.25
4092828 -0.25
4104193 -0.25
4106022 -0.25
4123984 -0.25
4143372 -0.25
4186516 -0.0526316
4204710 -0.25
4206857 -0.153846
4220187 -0.25
4239539 -0.153846
4266618 -0.25
4307731 -0.153846
4318171 -0.25
4325232 -0.25
4348500 -0.25
4355980 -5.20417e-17
4372363 -0.25
4384695 -0.25
4401469 -5.20417e-17
4421661 -0.153846
4423224 -5.20417e-17
4446043 -0.25
4451963 -0.25
4464110 -0.25
4465746 -0.25
4466490 -0.25
4517345 -0.153846
4546417 -0.153846
4553985 -0.153846
4555322 -0.153846
4610435 -0.153846
4649512 -0.153846
4682275 -0.153846
4733978 -0.153846
4738926 -0.153846
4741044 -0.153846
4751688 -0.153846
4778134 -0.153846
4785042 -0.153846
4789744 -0.25
4871066 0.107143
4897711 -5.20417e-17
4978349 -5.20417e-17
5090747 -0.25
5107212 -5.20417e-17
5110155 -5.20417e-17
5113993 -5.20417e-17
5118645 -5.20417e-17
5200557 -0.25
5237529 -0.136364
5241170 -5.20417e-17
5274860 -0.136364
5284034 -0.136364
5337934 -0.25
5344677 -0.136364
5347931 -0.136364
5369241 -0.136364
5534280 -5.20417e-17
5535170 -5.20417e-17
5555278 -0.2
5558811 -0.25
5658722 -0.264368
5816885 -5.20417e-17
5818778 -5.20417e-17
5820459 0.5
5826066 -5.20417e-17
6016181 -5.20417e-17
6069382 -0.153846
6071932 -0.153846
6078937 -5.20417e-17
6089923 -5.20417e-17
6095473 -5.20417e-17
6192663 -5.20417e-17
6210788 -5.20417e-17
6246324 -5.20417e-17
6274604 -5.20417e-17
6297943 0.25
6314609 -5.20417e-17
6329113 -5.20417e-17
6380659 -0.254603
6394404 -0.226415
6415784 -0.25
6718332 -0.00515464
6721554 -5.20417e-17
6728634 -5.20417e-17
6757987 -5.20417e-17
6759182 -5.20417e-17
6798393 -5.20417e-17
6823564 -5.20417e-17
6849160 -5.20417e-17
6869595 -5.20417e-17
6919534 -5.20417e-17
6964541 -5.20417e-17
6966698 -5.20417e-17
6978584 -5.20417e-17
6997586 -5.20417e-17
6999321 -5.20417e-17
7000199 -5.20417e-17
7004499 -5.20417e-17
7005839 -5.20417e-17
7006858 -5.20417e-17
7009358 -5.20417e-17
7025214 -5.20417e-17
7026156 0.25
7054273 0.25
7055789 -5.20417e-17
7059397 -5.20417e-17
7066391 -5.20417e-17
7081523 -5.20417e-17
7099890 -5.20417e-17
7116790 -5.20417e-17
7128216 -5.20417e-17
7165833 -5.20417e-17
7191821 -5.20417e-17
7201167 -5.20417e-17
7202919 0.25
7206143 -5.20417e-17
7215536 -5.20417e-17
7223960 -5.20417e-17
7246268 -0.153846
7264765 -5.20417e-17
7269059 -5.20417e-17
7289247 -0.0526316
7298459 -5.20417e-17
7302941 -5.20417e-17
7313069 -5.20417e-17
7314707 -5.20417e-17
7318338 -5.20417e-17
7330495 -5.20417e-17
7350278 -5.20417e-17
7354746 0.25
7377900 -5.20417e-17
7486916 -5.20417e-17
7493810 -5.20417e-17
7509179 -0.25
7518306 -5.20417e-17
7565223 -5.20417e-17
7566559 -5.20417e-17
7581639 -5.20417e-17
7586428 -5.20417e-17
7588145 -5.20417e-17
7606329 -5.20417e-17
7607758 -5.20417e-17
7634167 -5.20417e-17
7646745 -5.20417e-17
7662964 -5.20417e-17
7665867 -5.20417e-17
7667305 -5.20417e-17
7726718 -0.25
7744741 -0.25
7942531 -0.25
7944261 -0.25
7959438 -5.20417e-17
7966223 -0.136364
7973935 -0.136364
7990268 -5.20417e-17
8002291 -0.136364
8029471 -0.136364
8030739 -5.20417e-17
8054239 -5.20417e-17
8063668 -5.20417e-17
8075910 0.25
8077372 -5.20417e-17
8078864 -5.20417e-17
8089953 0.25
8091107 0.25
8095691 0.25
8133716 -5.20417e-17
8134835 -5.20417e-17
8137949 -5.20417e-17
8191226 -1.12757e-16
8198769 -0.25
8209613 -0.25
8225025 -0.25
8233645 -0.25
8242452 -0.25
8260240 -5.20417e-17
8261922 -5.20417e-17
8272096 -0.25
8272946 -0.25
8289046 -0.25
8313399 -0.136364
8317926 -0.136364
8319979 -0.25
8326838 -0.25
8337354 -0.25
8348643 -5.20417e-17
8353658 -5.20417e-17
8361224 -0.25
8365264 -0.25
8372630 -0.25
8382559 -0.25
8383445 -0.25
8389851 -0.25
8404719 -0.25
8447123 -0.136364
8485362 -0.136364
8509344 -0.136364
8516644 -0.226415
8520847 -0.25
8525701 -0.25
8529395 -0.25
8537216 -0.136364
8549682 -0.25
8553916 -5.20417e-17
8557002 -0.0526316
8561130 -5.20417e-17
8565795 -0.25
8584653 -0.136364
8585597 -0.136364
8588285 -5.20417e-17
8591359 -0.136364
8592267 -0.136364
8593315 0.047619
8595315 -0.25
8596098 -0.136364
8603495 -0.136364
8617051 -0.136364
8618416 -5.20417e-17
8621950 -0.136364
8622928 -0.136364
8627986 -0.25
8668718 -0.136364
8669990 -0.25
8687527 -0.25
8688371 -0.25
8699787 -5.20417e-17
8704548 -0.25
8716080 -0.25
8726094 -0.136364
8734530 -0.226415
8740171 -0.25
8758023 -0.25
8760696 -0.25
8761833 -0.136364
8766998 -5.20417e-17
8769841 -0.226415
8771891 -0.25
8778253 -0.25
8786045 -0.136364
8798784 -0.136364
8800333 -0.136364
8808552 -0.136364
8818094 -0.25
8818891 -0.136364
8831268 -5.20417e-17
8836969 -0.25
8856377 -0.25
8866913 -0.136364
8869223 -0.184211
8872633 -0.136364
8875940 -0.136364
8882029 -0.184211
8887618 -0.25
8890946 -0.25
8896615 -0.136364
8911992 -0.25
8922321 -0.25
8934522 -0.25
8939218 -0.25
8951519 -0.25
8972768 -0.25
8973671 -0.25
8974519 -0.25
8975540 -0.25
8991949 -5.20417e-17
8993894 -0.136364
9000451 -0.25
9014045 -0.136364
9017718 -5.20417e-17
9031934 -0.136364
9034158 -0.25
9035245 -0.25
9037590 -0.264368
9039519 -0.25
9042159 -0.25
9046495 -0.25
9047560 -0.136364
9078599 -0.136364
9092811 -0.136364
9095213 -0.25
9135354 -5.20417e-17
9136303 -0.136364
9137561 -0.136364
9143412 -0.25
9145921 -0.136364
9148539 -0.136364
9153023 -0.136364
9158930 -0.136364
9160954 -0.136364
9166335 -0.136364
9175605 -0.136364
9185726 -0.136364
9187973 -0.136364
9194701 -0.136364
9199839 -5.20417e-17
9237204 -0.25
9239829 -0.25
9250066 -0.25
9252469 -0.25
9264011 -0.25
9297161 0.047619
9318510 -0.136364
9349363 -0.136364
9352092 -0.25
9358265 -0.25
9375926 -0.136364
9377793 -0.136364
9381672 -0.136364
9406927 -0.195652
9409012 -0.136364
9410719 -0.136364
9416865 -0.25
9439665 -5.20417e-17
9451176 -5.20417e-17
9462242 -5.20417e-17
9464354 -5.20417e-17
9469999 -5.20417e-17
9481533 -5.20417e-17
9510512 -0.25
9532122 -0.25
9533591 -0.136364
9538892 -5.20417e-17
9539917 -5.20417e-17
9540806 -5.20417e-17
9545009 -5.20417e-17
9576318 -0.25
9580008 -0.25
9581724 -0.25
9616656 -0.136364
9621570 -0.136364
9625955 -0.25
9637792 -5.20417e-17
9640289 -0.25
9648768 -0.25
9660184 -0.25
9674684 -0.25
9792466 -0.136364
9845365 -0.136364
9862765 -0.136364
9897430 -0.136364
9943894 -0.136364
10111162 -5.20417e-17
10157099 -5.20417e-17
10193474 -5.20417e-17
10527457 -0.25
10558763 -5.20417e-17
10664085 -5.20417e-17
10812514 -0.25
11049269 -5.20417e-17
11090519 -5.20417e-17
11161384 -0.136364
11286585 -0.25
11398053 -0.136364
11507205 -0.25
11694938 -0.25
11727108 -0.25
11831226 -0.25
11850358 -0.25
11897946 -0.25
12070849 -0.25
12124386 -0.25
12162899 -0.25
12208154 -0.25
12473858 -0.136364
12546958 -0.25
12571904 -0.136364
12663354 -0.136364
12704458 -0.136364
12749695 -0.136364
12793826 -0.136364
12891256 -0.136364
13067450 -5.20417e-17
13111309 -5.20417e-17
13152510 -0.25
13213821 -0.25
13322074 -0.25
13499694 -0.136364
13544247 -0.136364
13647004 -0.136364
13715032 -0.136364
13810245 -0.136364
13862557 -0.136364
14033880 -0.136364
14097627 -0.136364
14129600 -0.136364
14191322 -0.136364
14244161 -0.136364
14305426 -0.25
14402940 -0.136364
14479262 -0.136364
14530571 -0.136364
14556337 -0.136364
14623383 -0.136364
14650098 -0.25
14700002 -0.226415
14751036 -0.136364
14844696 -0.25
14878265 -0.25
14962250 -0.136364
14988014 -0.136364
15098120 -0.136364
15139681 -0.136364
15233684 -0.136364
15277068 -0.153846
15310482 -0.25
15380635 -0.25
15413081 -0.153846
15443589 -0.153846
15494115 -0.153846
15538104 -0.25
15577538 -5.20417e-17
15604754 -5.20417e-17
15669140 -0.25
15716751 -0.153846
15781556 -0.25
15806228 -0.153846
15841584 -0.25
16037380 -0.25
16084577 -0.25
16171112 -0.25
16232011 -0.25
16305279 -0.25
16342416 -0.25
16412372 -0.25
16477995 -0.226415
16536652 -0.25
16568906 -0.25
16673792 -0.25
16707992 -0.25
16783938 -0.25
16857014 -0.25
16889396 -0.25
16938676 -0.25
17075267 -0.25
17133221 -0.25
17228343 -0.25
17289574 -0.25
17322049 -0.25
17387738 -0.25
17510742 -0.25
17635540 -0.25
17708427 -0.25
17765213 -0.25
17811855 -0.25
17939329 -0.25
18023776 -0.25
18071119 -0.25
18200573 -0.25
18228725 -0.25
18265790 -0.25
18313642 -0.25
18416212 -0.25
18619621 -0.25
18653211 -0.25
18677450 -0.25
18705826 -0.25
18730673 -0.25
18774963 -0.25
18821755 -0.25
18849793 -0.25
18888764 -0.25
18924038 -0.25
18951954 -0.25
19006563 -0.25
19049717 -0.25
19076840 -0.25
19151390 -0.25
19298012 -0.25
19435666 -0.25
19493056 -0.25
19528820 -0.25
19570043 -0.25
19603958 -0.25
19647515 -0.25
19731043 -0.25
19961150 -0.25
20007748 -0.25
20048439 -0.25
20072862 -0.25
20169920 -0.25
20263553 -0.25
20605543 -0.25
20718762 -0.25
21006592 -0.25
21391395 -0.25
21515541 -0.25
21610002 -0.25
21676235 -0.25
22314216 -0.25
22411225 -0.25
22464360 -0.25
22524587 -0.25
22553145 -0.25
22799424 -0.25
22916345 -0.25
23026281 -0.25
23145341 -0.25
23191315 -0.25
23247415 -0.25
23445592 -0.25
23566497 -0.25
23691744 -0.25
23752577 -0.25
23840197 -0.25
23949282 -0.25
24031396 -0.25
24068347 -0.25
24300386 -0.25
24329055 -0.25
24389703 -0.25
24591046 -0.25
24725515 -0.25
24772513 -0.25
24798946 -0.25
24916413 -0.25
24971674 -0.25
25098744 -0.25
25149128 -0.25
25207422 -0.25
25294058 -0.25
25336293 -0.25
25618510 -0.25
25742038 -0.25
25849498 -0.25
26106982 -0.25
26141253 -0.25
26174222 -0.25
26520742 -0.25
26639420 -0.25
26666710 -0.25
26702045 -0.25
26747531 -0.25
26787764 -0.25
26871766 -0.25
27337350 -0.25
27475628 -0.264368
27557401 -0.25
27597029 -0.25
27829024 -0.179775
28208509 -0.25
28559926 -0.25
28824623 -0.25
29130389 -0.25
29795613 -0.25
29979575 -0.25
30123651 -0.25
30187490 -0.25
30248413 -0.25
30314753 -0.25
30372011 -0.25
30626979 -0.25
30724329 -0.25
30853371 -0.25
31165753 -0.25
31322212 -0.254603
31601236 -0.25
31715861 -0.25
32026299 -0.25
32077781 -0.153846
32113320 -0.25
32248635 -0.25
32321036 -0.25
32473841 -0.25
32591216 -0.153846
32614811 -0.25
32640949 -0.25
32782075 -0.25
33138795 -0.25
33254921 -0.25
33331144 -0.25
33376999 -0.226415
33412343 -0.25
33486082 -0.25
33609912 -0.25
33672885 -0.25
33719401 -0.25
33954595 -0.25
34002348 -0.25
34109637 -0.226415
34191519 -0.25
34276156 -0.25
34775670 -0.25
35006185 -0.25
35045798 -0.25
35134158 -0.25
35274719 -0.25
35367477 -0.25
35497737 -0.25
35529334 -0.195652
35677222 -0.25
36023686 -0.25
36082842 -0.25
36134671 -0.25
36201544 -0.25
36245625 -0.25
36324560 -0.25
36376946 -0.25
36480919 -0.25
36583386 -0.25
36726935 -0.25
36913117 -0.25
36944047 -0.264368
37068922 -0.25
37129463 -0.25
37155489 -0.25
37187883 -0.25
37287822 -0.25
37418511 -0.25
37547721 -0.25
37990873 -0.25
38146758 -0.25
38194007 -0.25
38238861 -0.25
38274140 -0.25
38334609 -0.25
38524401 -0.25
38658568 -0.25
39006019 -0.25
39061742 -0.25
39220460 -0.25
39265590 -0.25
39378068 -0.25
39458070 -0.25
39484148 -0.25
39511809 -0.25
39620076 -0.25
39655962 -0.25
39686301 -0.25
39731223 -0.25
39823495 -0.25
39885590 -0.25
39977826 -0.153846
40009617 -0.153846
40044171 -5.20417e-17
40151473 -0.25
40218961 -0.25
40276263 -0.153846
40354795 -0.25
40391166 -0.25
40465991 -0.25
40498541 -0.25
40553948 -0.25
40597994 -0.25
40624123 -0.25
40649904 -0.25
40694549 -0.25
40765058 -0.25
40794922 -0.25
40859645 -0.25
40907012 -0.25
40944495 -0.25
41009165 -0.25
41298992 -0.25
41351742 -0.136364
41410857 -0.136364
41468715 -0.136364
41516176 -0.136364
41553661 -0.136364
41627870 -0.136364
41659900 -0.136364
41759243 -0.136364
42026986 -0.136364
42064476 -0.136364
42162859 -0.280992
42194415 -0.136364
42221756 -0.136364
42249241 -0.136364
42302541 -0.136364
42372944 -0.136364
42408396 -0.136364
42461950 -0.184211
42521312 -0.136364
42553464 0.25
42619311 0.25
42655530 0.25
42687042 0.25
42731282 0.25
42765629 0.25
42790951 0.25
42826810 0.25
42905456 0.25
43063936 0.25
43114833 0.25
43396120 0.25
43487836 0.25
43489502 0.25
43495097 0.25
43495919 0.166667
43530585 0.25
43534653 -0.136364
43535921 0.25
43548609 0.0625
43554888 0.25
43565787 0.25
43610617 0.25
43643526 -5.20417e-17
43647394 -5.20417e-17
43679584 -5.20417e-17
43696684 -5.20417e-17
43699724 -5.20417e-17
43702009 -5.20417e-17
43710656 -5.20417e-17
43713363 -5.20417e-17
43760713 -5.20417e-17
43761457 -5.20417e-17
43763285 -5.20417e-17
43766068 -5.20417e-17
43770363 -5.20417e-17
43775000 -5.20417e-17
43815452 -5.20417e-17
43817507 -5.20417e-17
43818247 -5.20417e-17
43819928 -5.20417e-17
43821290 -5.20417e-17
43822888 -5.20417e-17
43824393 -5.20417e-17
43826007 -5.20417e-17
43829449 -5.20417e-17
43833888 -5.20417e-17
43834684 -5.20417e-17
43843272 -5.20417e-17
43844980 -5.20417e-17
43862065 -5.20417e-17
43899928 -5.20417e-17
43921737 -5.20417e-17
43922714 -5.20417e-17
43971465 -0.136364
44059284 -0.136364
44218913 -0.136364
44360207 -0.25
44365699 -0.25
44370689 -5.20417e-17
44382451 -5.20417e-17
44386331 -0.25
44395803 -0.25
44396642 -0.25
44406274 -0.25
44409243 -0.25
44431073 -0.25
44468597 -5.20417e-17
44475489 -0.280992
44488365 -0.136364
44593740 -5.20417e-17
44666492 -0.25
44675734 -5.20417e-17
44679398 -0.153846
44684894 -0.25
44700796 -0.25
44703740 -0.25
44726813 -0.25
44733376 -0.25
44734784 -0.136364
44736680 -0.25
44751745 -0.25
44761154 -0.136364
44762423 -0.136364
44765275 -0.25
44774834 -0.25
44811076 -0.25
44814305 -0.25
44819271 -0.25
44830172 -0.195652
44853235 -0.136364
44928255 -0.136364
44937096 -0.136364
44940071 -0.136364
44944227 -0.136364
44946157 -0.136364
44949457 -0.136364
44971113 -0.136364
44972762 -0.136364
44991149 -0.136364
45010060 -0.136364
45011819 -0.136364
45019738 -0.136364
45025613 -0.136364
45028222 -0.136364
45074609 -0.136364
45083210 -0.136364
45085764 -0.136364
45086793 -0.136364
45093518 -0.136364
45103770 -0.136364
45110638 -0.136364
45117125 -0.136364
45119281 -0.136364
45137428 -0.136364
45139541 -0.136364
45175332 -0.136364
45181946 -0.136364
45185501 -0.136364
45201154 -0.136364
45226611 -0.136364
45230522 -0.136364
45235769 -0.136364
45244364 -0.136364
45247473 -0.136364
45265339 -0.136364
45287717 -0.136364
45298627 -0.136364
45300894 -0.136364
45305251 -0.136364
45313266 -0.136364
45316247 -0.136364
45321793 -0.136364
45342078 -0.136364
45356539 -0.136364
45357435 -0.136364
45359800 -0.136364
45363685 -0.136364
45369255 -0.136364
45370621 -0.136364
45371919 -0.136364
45374168 -0.136364
45397863 -0.280992
45420235 -0.136364
45424919 -0.136364
45435298 -0.136364
45436207 -0.184211
45465175 -0.0526316
45741274 -5.20417e-17
45757604 -5.20417e-17
45761669 -5.20417e-17
45783367 -5.20417e-17
45861958 -5.20417e-17
45884688 -5.20417e-17
45899232 -5.20417e-17
45935868 -0.25
45955235 -5.20417e-17
45957003 -5.20417e-17
45977762 -0.25
45987921 -5.20417e-17
45989303 -0.136364
45993959 -0.25
45995100 -5.20417e-17
45996059 -0.0526316
46003059 -5.20417e-17
46010113 -0.25
46012013 -0.25
46013224 -5.20417e-17
46014438 -5.20417e-17
46047977 -5.20417e-17
46061724 -5.20417e-17
46080632 -5.20417e-17
46087120 -5.20417e-17
46092244 -5.20417e-17
46096228 -5.20417e-17
46104694 0.25
46118547 0.5
46119986 -0.25
46128152 -0.25
46129853 0.314159
46139770 0.411765
46145642 -5.20417e-17
46147176 0.107143
46150708 -5.20417e-17
46154748 0.107143
46159970 -5.20417e-17
46163118 0.107143
46164207 0.107143
46165488 -5.20417e-17
46166265 0.107143
46167120 -5.20417e-17
46176301 -5.20417e-17
46203344 -0.136364
46204517 -0.136364
46207147 -0.25
46213578 -0.25
46215714 -0.25
46227891 -0.25
46231777 -0.25
46242071 -5.20417e-17
46261168 0.25
46267180 -5.20417e-17
46302690 0.75
46313371 0.5
46390678 0.5
46409425 0.75
46414194 0.75
46415436 0.75
46502004 -5.20417e-17
46519186 0.25
46536196 -0.25
46546273 -5.20417e-17
46554563 -5.20417e-17
46560096 0.107143
46651030 -0.25
46678679 0.5
46712000 0.5
46729339 -0.25
46736594 0.5
46741969 0.5
46750345 -0.136364
46776620 0.5
46782642 -5.20417e-17
46793849 0.107143
46801834 -5.20417e-17
46806596 -5.20417e-17
46832521 -0.195652
46847618 0.25
46886205 0.411765
46919632 0.107143
46923448 -0.136364
46924405 -0.136364
46925740 -0.136364
46926520 -0.136364
46948720 -0.25
46968838 -0.136364
46969621 -0.136364
46974476 0.25
46994257 -5.20417e-17
47016244 -5.20417e-17
47029043 -5.20417e-17
47033150 0.25
47034260 0.25
47035228 0.25
47036316 0.25
47037358 0.25
47050595 -1.12757e-16
47058430 -0.153846
47062724 0.194631
47064124 0.047619
47079336 -5.20417e-17
47104087 -5.20417e-17
47112997 0.25
47114807 0.75
47115874 0.25
47132429 0.75
47138179 0.25
47142494 -5.20417e-17
47172453 -5.20417e-17
47177660 -5.20417e-17
47194070 -0.153846
47214637 -5.20417e-17
47237684 -5.20417e-17
47241037 -0.0526316
47242528 -5.20417e-17
47253245 -0.153846
47256400 -5.20417e-17
47290025 -5.20417e-17
47296603 -5.20417e-17
47297877 -5.20417e-17
47304250 -5.20417e-17
47306720 -5.20417e-17
47643814 0.314159
47648073 0.274194
47678145 0.274194
47740685 -5.20417e-17
47800044 0.274194
47858859 -0.153846
47875632 -5.20417e-17
47880378 -1.12757e-16
47998964 -5.20417e-17
48002103 -5.20417e-17
48009592 -1.12757e-16
48043075 -5.20417e-17
48049677 -5.20417e-17
48050472 -5.20417e-17
48053544 -5.20417e-17
48103959 -5.20417e-17
48133794 -5.20417e-17
48141965 -1.12757e-16
48185986 -5.20417e-17
48187389 -1.12757e-16
48200146 -5.20417e-17
48211899 -5.20417e-17
48213142 -1.12757e-16
48222393 -0.153846
48256905 -0.153846
48274668 -5.20417e-17
48275459 -5.20417e-17
48276938 -0.153846
48289003 -0.153846
48326829 -5.20417e-17
48337897 -5.20417e-17
48350713 -5.20417e-17
48386593 -5.20417e-17
48388626 -5.20417e-17
48402016 -5.20417e-17
48424645 -0.2
48440152 -0.2
48442502 -0.153846
48445811 -0.2
48451675 -0.195652
48456714 -0.2
48474426 -0.2
48488013 -0.0526316
48503306 -1.12757e-16
48507459 -0.153846
48514301 -0.2
48516152 -0.153846
48530066 -0.153846
48569692 4.16334e-17
48585482 -0.25
48597671 -0.2
48643257 -0.25
48646902 -0.195652
48648128 -0.25
48684098 -0.136364
48705958 -0.25
48742467 -5.20417e-17
48902672 -0.153846
49162973 -0.25
49178038 -0.25
49190772 -0.25
49197712 -0.136364
49209564 -5.20417e-17
49211363 -5.20417e-17
49214232 -5.20417e-17
49306373 -0.25
49328871 -5.20417e-17
49343742 -0.153846
49403894 -0.00515464
49408492 -0.0185185
49412311 0.047619
49418171 0.047619
49423685 -0.153228
49431555 -0.25
49448181 -0.0185185
49461352 -0.136364
49485703 -0.2
49488837 -0.0185185
49496878 0.107143
49501143 0.310345
49503609 0.310345
49506440 0.310345
49512339 0.452055
49518574 0.047619
49527104 0.310345
49539467 0.310345
49542036 0.310345
49547819 0.310345
49556059 -0.2
49565011 -0.184211
49579700 -0.25
49595354 0.166667
49597877 -0.136364
49601265 0.25
49606867 -0.226415
49619118 0.0625
49624109 0.166667
49625196 0.166667
49626604 -5.20417e-17
49628995 -0.184211
49645171 -5.20417e-17
49650372 0.166667
49678259 -1.12757e-16
49694601 -5.20417e-17
49696821 0.411765
49700235 0.107143
49706352 -5.20417e-17
49729759 0.411765
49737166 0.411765
49741507 0.411765
49745340 0.411765
49757952 0.411765
49767925 0.411765
49770585 0.411765
49773502 0.411765
49776863 0.411765
49789208 0.107143
49801651 0.107143
49802479 -0.00515464
49805775 0.107143
49808844 0.107143
49818134 0.107143
49825208 0.107143
49828162 0.107143
49845456 0.107143
49846951 0.107143
49848988 0.107143
49851133 0.107143
49868491 0.107143
49873994 0.606853
49878455 -0.134918
49892319 -0.00515464
49897009 0.107143
49902255 0.107143
49924094 0.107143
49932461 0.107143
49940702 0.107143
49949235 0.107143
49953585 0.107143
49963417 0.107143
49968447 0.107143
49980654 0.107143
49988145 0.107143
49993247 0.107143
49998926 -0.136364
50000561 -0.0185185
50010857 0.107143
50060206 -0.25
50067736 -0.25
50072580 -0.25
50078814 -0.25
50090551 -0.25
50093937 -0.25
50101328 -0.25
50112351 -0.25
50144186 -5.20417e-17
50166300 -5.20417e-17
50203798 0.107143
50208721 -0.136364
50223267 0.107143
50247935 -0.156417
50262546 -0.136364
50274371 -0.195652
50280063 -0.136364
50281230 -0.226415
50284540 -0.136364
50289129 -0.197917
50308155 -0.136364
50386447 -0.25
50405586 -0.136364
50444359 -0.136364
50452014 -0.25
50460965 -0.25
50471140 -0.25
50475329 -0.136364
50477044 -0.136364
50478226 -0.136364
50481343 -0.136364
50498533 -0.136364
50502514 -0.136364
50503390 -0.136364
50545890 -5.20417e-17
50559134 -5.20417e-17
50571180 -5.20417e-17
50663898 -0.25
50672102 -0.25
50773537 0.25
50781098 0.25
50798340 -0.0526316
50806859 -0.136364
50811254 0.107143
50831208 0.107143
50832337 0.107143
50845719 0.107143
50849000 0.107143
50850285 -0.197917
50851769 0.107143
50860504 0.107143
50946442 -5.20417e-17
51089231 -5.20417e-17
51095469 -5.20417e-17
51099840 -5.20417e-17
51108220 -5.20417e-17
51113353 -5.20417e-17
51123182 -5.20417e-17
51158246 -5.20417e-17
51165591 0.5
51176711 0.5
51198194 -0.0185185
51200927 -5.20417e-17
51215782 0.25
51223521 -0.25
51227651 -0.25
51229989 -0.25
51239156 -0.136364
51249201 -0.136364
51280872 -5.20417e-17
51309763 -5.20417e-17
51327251 -5.20417e-17
51330095 -5.20417e-17
51872562 -5.20417e-17
51927929 -5.20417e-17
51957955 -5.20417e-17
51964931 -5.20417e-17
51970727 -5.20417e-17
51989575 -5.20417e-17
51999722 -5.20417e-17
52001556 -5.20417e-17
52002411 -5.20417e-17
52012159 -5.20417e-17
52014088 -5.20417e-17
52022775 -5.20417e-17
52122999 -0.25
52138933 -0.25
52157412 -0.25
52205833 -0.25
52263519 -5.20417e-17
52319692 -5.20417e-17
52326469 -5.20417e-17
52367723 -5.20417e-17
