26325 0.25
41867 0.541667
51113 0.25
58755 0.25
84669 0.25
94275 0.25
96609 0.25
106303 0.25
120326 0.5
130114 0.5
135950 0.5
204758 -5.20417e-17
208950 0.25
248491 -5.20417e-17
261090 -5.20417e-17
267149 -5.20417e-17
276646 -5.20417e-17
283239 -5.20417e-17
292349 -0.136364
294010 -5.20417e-17
340617 -5.20417e-17
342632 -5.20417e-17
347528 -5.20417e-17
376574 -5.20417e-17
476829 -5.20417e-17
477570 0.25
488081 0.25
516381 0.25
521512 0.25
522873 0.25
525105 0.25
541850 -5.20417e-17
545605 -5.20417e-17
616947 -5.20417e-17
639737 -5.20417e-17
678338 -5.20417e-17
690237 -0.136364
699559 -0.136364
720401 -0.136364
758718 -5.20417e-17
824049 -5.20417e-17
877091 -5.20417e-17
928219 -5.20417e-17
984663 -5.20417e-17
1039783 0.107143
1042491 0.25
1059936 0.107143
1102477 -0.136364
1103909 -5.20417e-17
1110867 -0.153846
1113739 -0.136364
1126418 -0.136364
1129790 -0.25
1155944 0.107143
1174506 0.107143
1178086 -0.136364
1179140 -0.153846
1196358 -0.136364
1225703 0.107143
1227595 -0.280992
1249154 0.107143
1263704 -0.25
1265928 -0.25
1301642 0.107143
1307935 -0.136364
1322870 -0.195652
1327473 -5.20417e-17
1333958 -0.25
1344091 -0.136364
1346922 -0.136364
1347933 0.107143
1349014 -5.20417e-17
1355746 0.107143
1366524 0.107143
1368562 0.107143
1382664 -5.20417e-17
1386461 0.107143
1405972 -0.0185185
1415450 -0.00515464
1436683 -0.25
1437587 0.25
1445036 0.107143
1445929 0.25
1452106 -0.25
1474486 0.25
1478527 -0.0795455
1519933 0.25
1532227 -0.25
1543151 0.107143
1544472 0.107143
1565743 -0.25
1593323 -0.25
1595825 -0.25
1597665 0.25
1606128 -0.25
1608482 0.25
1616393 0.107143
1632620 0.107143
1655457 -0.136364
1657987 -5.20417e-17
1658893 -5.20417e-17
1659885 -0.136364
1671548 0.107143
1672879 -0.136364
1678458 -0.136364
1705910 0.107143
1724545 0.107143
1737965 0.107143
1781331 -0.136364
1793598 -0.25
1794651 -5.20417e-17
1814484 -0.136364
1817521 -0.136364
1827677 0.107143
1847154 0.107143
1858865 -0.136364
1883982 0.5
1897580 -0.136364
1907881 0.107143
1937812 4.16334e-17
1940193 -0.136364
1957108 -0.136364
1965560 -0.136364
1980332 -0.136364
1997067 0.5
2007515 0.5
2032128 0.411765
2047603 0.411765
2053056 -5.20417e-17
2054806 -5.20417e-17
2061803 0.107143
2108603 0.411765
2126398 -5.20417e-17
2132426 0.274194
2148735 -0.136364
2213225 0.107143
2214905 -5.20417e-17
2228616 0.107143
2235629 -5.20417e-17
2237894 0.107143
2280204 0.107143
2353994 0.107143
2357784 -5.20417e-17
2366403 -5.20417e-17
2374446 -0.136364
2383582 0.107143
2384262 -0.136364
2388443 -0.136364
2391328 -0.136364
2394015 -0.136364
2400149 -0.136364
2401151 -0.136364
2402212 0.107143
2493219 0.107143
2576037 -5.20417e-17
2718188 -5.20417e-17
2766948 -5.20417e-17
2789501 -0.136364
2797864 -0.136364
2840883 -0.136364
2841972 -0.136364
2843507 -0.136364
2870280 0.5
2879750 0.107143
2909669 0.5
2916822 0.411765
2946641 -0.136364
2947656 -0.25
2949676 0.5
2966077 0.5
2988829 0.411765
2990288 0.411765
3004951 0.411765
3013871 0.25
3016191 -0.136364
3023460 -0.136364
3024169 0.25
3028962 0.25
3051454 0.25
3052929 0.411765
3071936 -0.136364
3077028 -0.136364
3095488 -5.20417e-17
3097849 -5.20417e-17
3100712 -5.20417e-17
3104514 -5.20417e-17
3106501 -5.20417e-17
3126851 -5.20417e-17
3134300 0.107143
3135713 0.107143
3138568 -5.20417e-17
3144237 -5.20417e-17
3159721 0.107143
3161684 0.107143
3176974 0.107143
3197101 0.107143
3202362 0.107143
3413871 0.107143
3814870 0.107143
3907201 0.107143
3978705 0.107143
4005666 0.107143
4058418 0.107143
4115180 0.107143
4150836 0.107143
4200036 0.107143
4223446 0.107143
4288453 0.107143
4323507 0.107143
4362472 0.107143
4402063 -0.1
4474935 0.107143
4499736 0.107143
4527651 0.107143
4565600 0.107143
4603674 0.107143
4645190 0.107143
4713875 -5.20417e-17
5417429 -0.136364
7527790 0.5
8719062 0.4
9199872 0.5
9817672 0.25
10209786 0.75
11434953 0.75
11811683 0.107143
11850331 0.107143
11884457 0.107143
11936985 0.107143
12005011 0.107143
12092602 0.107143
12119722 0.107143
12183348 0.107143
12236008 0.107143
12288390 0.107143
12321598 0.107143
12388542 0.107143
12452410 0.107143
12482017 0.107143
12555960 0.107143
12618798 0.107143
12726873 0.107143
12922198 0.25
12945861 4.16334e-17
13149876 0.107143
13214310 -0.0526316
13337632 0.107143
13594252 0.107143
13655219 4.16334e-17
13767166 0.107143
13871104 -0.0526316
13974177 0.107143
14054701 4.16334e-17
14080274 -0.25
14765612 0.107143
15331271 0.107143
15622071 0.107143
15733626 0.107143
15778942 0.107143
15861253 0.107143
15907081 0.107143
15930392 0.107143
15960377 0.107143
16003694 0.107143
16063907 0.107143
16182532 0.107143
16211007 -0.0526316
16570139 0.107143
16654604 0.107143
16712510 0.25
16740845 0.107143
16810703 0.107143
16842845 0.107143
16890923 0.107143
16919852 0.107143
16948260 0.107143
17042683 0.107143
17072255 0.107143
17105763 0.107143
17301247 0.107143
17504069 0.107143
17537644 0.107143
17619593 0.107143
17726179 0.107143
17762979 0.107143
17798751 4.16334e-17
17952976 0.107143
18018475 0.107143
18147439 0.107143
18262293 0.107143
18303580 0.107143
18419574 0.107143
18454300 0.107143
18559147 0.107143
18669823 0.107143
19012154 0.107143
20229461 -5.20417e-17
21249558 -1.12757e-16
21927429 -1.12757e-16
23456269 -1.12757e-16
23584195 -1.12757e-16
23613242 -5.20417e-17
23694766 -5.20417e-17
24132837 -5.20417e-17
24178716 -0.153846
24615630 -5.20417e-17
24645177 -5.20417e-17
24674575 -5.20417e-17
24707426 -5.20417e-17
25192861 0.107143
25506090 -5.20417e-17
25530401 -5.20417e-17
25557530 -5.20417e-17
25757331 -5.20417e-17
25806166 -5.20417e-17
25866400 -5.20417e-17
26000708 -5.20417e-17
26144627 -5.20417e-17
26168511 -5.20417e-17
26214468 -5.20417e-17
26246892 -5.20417e-17
26278157 -5.20417e-17
26303866 -5.20417e-17
26329485 -5.20417e-17
26357806 -5.20417e-17
26391039 -5.20417e-17
26426218 -5.20417e-17
26656536 -5.20417e-17
26720012 -5.20417e-17
26754569 -5.20417e-17
26843796 -5.20417e-17
27003769 -5.20417e-17
27044142 -5.20417e-17
27119956 -5.20417e-17
27161198 -5.20417e-17
27235566 -5.20417e-17
27260937 -5.20417e-17
27341272 -5.20417e-17
27375121 -5.20417e-17
27415001 -5.20417e-17
27438278 -5.20417e-17
27495281 -5.20417e-17
27595207 -5.20417e-17
27619589 -5.20417e-17
27662275 -5.20417e-17
27768803 -5.20417e-17
27891208 -5.20417e-17
27920934 -5.20417e-17
27947431 -5.20417e-17
28219317 -0.136364
28627120 -0.136364
28741905 -0.136364
28909476 -0.136364
29719631 0.107143
31383115 -0.25
31517631 -0.25
31554795 -0.25
33678257 -0.25
33692025 -0.25
33740801 -5.20417e-17
33744434 -0.25
33745629 -0.136364
33754834 -0.25
33755966 -0.25
33866108 -5.20417e-17
33869023 -0.153846
33877588 -5.20417e-17
33879447 -5.20417e-17
33925526 -0.25
33977683 -0.25
33982675 -0.25
34001651 -0.25
34041437 -0.25
34044410 -0.25
34052163 -0.25
34055713 -0.25
34056857 -0.25
34059046 -0.25
34064787 -0.25
34074375 -0.25
34075775 -0.25
34078436 -5.20417e-17
34079429 -5.20417e-17
34111616 -5.20417e-17
34115076 -5.20417e-17
34125100 -5.20417e-17
34139150 -0.25
34140804 -0.25
34191675 -5.20417e-17
34205370 -5.20417e-17
34242627 -0.25
34276503 -5.20417e-17
34277175 -5.20417e-17
34285042 -5.20417e-17
34286637 -5.20417e-17
34354259 -0.25
34355124 -0.25
34358343 -0.25
34390313 -0.136364
34414971 0.107143
34472737 0.25
34486193 -0.136364
34499736 -0.136364
34512158 -0.136364
34544458 -0.136364
34622286 -0.25
34663053 -0.25
34699114 0.25
34719436 0.107143
34746226 -0.25
34766491 -0.0185185
34773594 -0.136364
34776314 0.25
34795864 0.0625
34807106 -5.20417e-17
34816162 0.5
34825576 0.411765
34830489 -5.20417e-17
34839286 0.25
34907808 0.75
34910001 0.25
34956219 0.107143
34981501 0.107143
35080673 -5.20417e-17
35108706 -5.20417e-17
35149959 -5.20417e-17
35151397 -5.20417e-17
35173671 -5.20417e-17
35196589 0.25
35216761 0.75
35225836 0.411765
35232255 0.5
35309217 -5.20417e-17
35312572 -5.20417e-17
35320625 0.5
35324637 0.75
35364671 0.75
35379699 0.75
35395410 0.411765
35408118 0.75
35414320 0.411765
35415915 0.411765
35421030 0.411765
35428034 0.411765
35452894 0.5
35453994 -5.20417e-17
35470474 -5.20417e-17
35480119 0.5
35498726 -5.20417e-17
35521378 -5.20417e-17
35572690 -5.20417e-17
35573900 -5.20417e-17
35574654 0.107143
35575539 -5.20417e-17
35576957 -5.20417e-17
35588333 -5.20417e-17
35595464 -5.20417e-17
35612492 0.5
35614375 -5.20417e-17
35616323 0.5
35644640 -5.20417e-17
35645532 0.5
35651832 0.5
35654463 0.5
35664974 0.107143
35744525 0.75
35813531 -5.20417e-17
35836361 0.75
35870661 0.75
35877537 0.594595
35881004 0.75
35884862 0.314159
36021058 -0.195652
36036970 -5.20417e-17
36037953 -5.20417e-17
36039272 -5.20417e-17
36052996 -0.195652
36070281 -5.20417e-17
36074213 -0.153846
36079897 -0.195652
36081945 -0.0185185
36177520 0.411765
36184538 0.274194
36202867 0.25
36204463 -0.0185185
36235283 0.5
36242932 0.25
36310248 -0.226415
36330944 0.5
36332679 -0.25
36439985 -5.20417e-17
36473914 0.166667
36491017 0.166667
36501387 0.166667
36505298 0.25
36508369 0.25
36527784 0.0625
36531577 -5.20417e-17
36535849 -5.20417e-17
36558940 0.166667
36565258 0.107143
36599059 -5.20417e-17
36605229 0.166667
36618731 0.411765
36622029 -5.20417e-17
36637958 0.75
36649805 0.75
36652178 0.411765
36692059 0.107143
36705945 0.75
36710220 0.75
36716086 0.75
36720824 -0.00515464
36723547 0.107143
36724867 0.310345
36730486 0.274194
36735343 0.274194
36742675 -5.20417e-17
36744821 0.107143
36748031 -5.20417e-17
36760624 0.75
36766123 -0.153846
36767048 0.310345
36778112 0.411765
36798623 0.75
36809270 -1.12757e-16
36824868 0.594595
36831527 0.594595
36856290 0.75
36863463 0.75
36865215 0.166667
36871615 0.594595
36907843 0.411765
36918637 -5.20417e-17
36924042 0.75
36935706 0.411765
36937232 -5.20417e-17
36945760 0.75
36959914 0.594595
36961615 0.72028
36967259 0.411765
36978153 0.75
36987986 0.75
37017297 0.75
37023846 -0.184211
37024629 -0.184211
37036733 0.5
37044424 -5.20417e-17
37046555 -0.136364
37091712 -5.20417e-17
37097315 0.166667
37103303 0.166667
37162511 -5.20417e-17
37167430 0.166667
37170845 0.75
37173335 0.75
37190252 0.166667
37195516 -5.20417e-17
37200627 -5.20417e-17
37201537 -5.20417e-17
37218045 0.5
37248263 -5.20417e-17
37356203 0.107143
37472079 0.274194
37504808 -0.195652
37565398 -0.195652
37571165 0.411765
37573710 -0.184211
37575532 -0.136364
37578978 -0.184211
37584675 -0.0185185
37595778 0.25
37615500 -0.25
37632743 -0.136364
37637311 -5.20417e-17
37655328 -0.25
37671425 -0.136364
37680986 0.107143
37683008 -0.153846
37694966 -0.0185185
37746775 -0.25
37773473 0.047619
37786349 -0.136364
37805734 0.047619
37806396 0.047619
37823932 0.310345
37883918 0.310345
37891590 0.452055
37896405 0.310345
37902812 -5.20417e-17
37906943 -0.153846
37964451 0.310345
37989245 -0.0185185
38002763 0.452055
38016162 0.452055
38022980 0.452055
38030407 0.5
38050668 -5.20417e-17
38111498 -0.0526316
38120244 -0.136364
38122855 0.310345
38160269 -0.0526316
38171901 -0.0526316
38173691 4.16334e-17
38207528 4.16334e-17
38306943 -5.20417e-17
38514963 -5.20417e-17
38571066 -0.25
38592481 -0.25
38608664 -0.25
38652775 -0.289129
38656535 -0.136364
38750487 -0.25
38960880 -5.20417e-17
38982087 -0.136364
39013106 -5.20417e-17
39100920 -5.20417e-17
39117215 -5.20417e-17
39145005 -5.20417e-17
39146421 -5.20417e-17
39418983 -5.20417e-17
39729724 -0.136364
39758675 -0.153846
39771484 -0.195652
39789457 0.25
39804425 -0.136364
40077068 -5.20417e-17
40114965 -5.20417e-17
40131060 -5.20417e-17
40552736 -0.153846
40560686 -5.20417e-17
40565380 -0.0185185
40621265 -0.0185185
40629029 0.107143
40636288 -0.0185185
40704783 0.107143
40784574 -5.20417e-17
40820776 -0.0185185
40923562 -5.20417e-17
40957332 -5.20417e-17
40971200 -5.20417e-17
40993967 -5.20417e-17
41011790 -5.20417e-17
41013731 -5.20417e-17
41039832 -5.20417e-17
41041438 -5.20417e-17
41064718 -5.20417e-17
41070975 -5.20417e-17
41091795 -5.20417e-17
41098776 -5.20417e-17
41107458 -5.20417e-17
41157701 0.25
41162412 -5.20417e-17
41168264 -5.20417e-17
41181269 -5.20417e-17
41195418 -5.20417e-17
41229432 -5.20417e-17
41288533 0.25
41290560 -5.20417e-17
41296754 -5.20417e-17
41353217 0.166667
41389061 0.25
41400730 0.25
41466142 0.25
41475621 -0.136364
41604248 0.25
41668695 0.25
41689555 0.25
41698131 -0.153846
41701473 -0.153846
41735891 -0.25
41746258 -0.25
41786051 -0.25
41797319 -0.25
41798239 -0.25
41883051 -0.136364
41884180 -0.136364
41994341 -0.136364
42067854 -0.136364
42075128 -0.136364
42095040 -0.25
42100739 -0.25
42103468 -0.136364
42118002 -0.25
42121229 -0.25
42125878 -0.136364
42133450 -0.25
42154027 -0.226415
42171132 -0.136364
42171904 -5.20417e-17
42173306 -0.136364
42179701 0.107143
42181259 -0.136364
42188254 -0.25
42193329 0.107143
42194515 -0.136364
42215750 -0.25
42240469 -0.136364
42244655 -0.136364
42253837 0.107143
42274220 -5.20417e-17
42278890 -5.20417e-17
42281710 -0.136364
42297577 -0.136364
42342772 -0.25
42350470 -0.153846
42368121 -5.20417e-17
42371970 -5.20417e-17
42374635 -5.20417e-17
42377201 -5.20417e-17
42390909 -5.20417e-17
42417235 -5.20417e-17
42426240 -0.195652
42428286 -0.25
42473531 -5.20417e-17
42495067 0.25
42499203 -0.195652
42540276 -0.153846
42557190 0.107143
42566926 0.107143
42678904 0.25
42755364 -0.25
42763762 -0.25
42769670 -5.20417e-17
42780888 -0.153846
42798353 -0.25
42804269 -0.25
42812416 -0.25
42815812 -0.25
42823719 -0.153846
42827048 -0.153846
42839268 0.107143
42842364 0.107143
42858590 -0.25
42871107 -0.25
42885207 -0.25
42902654 -0.25
42905871 -5.20417e-17
42911596 0.25
42920542 -5.20417e-17
42922983 -0.153846
42941862 -0.153846
42952890 -0.153846
42955196 -0.153846
42975516 -5.20417e-17
43002418 -0.136364
43011335 -0.136364
43034626 -0.136364
43035343 -0.136364
43052318 0.107143
43100019 -0.136364
43136210 -0.136364
43137399 -0.195652
43141694 -0.136364
43142650 -0.136364
43146364 -0.136364
43157966 -0.197917
43163677 -0.136364
43185781 -0.136364
43193377 -0.136364
43293034 -5.20417e-17
43337371 -0.25
43464021 -5.20417e-17
43481014 -5.20417e-17
43698434 0.25
43710037 0.25
43710921 0.25
43733367 0.25
43735326 0.25
43757940 0.25
43773753 0.25
43788053 0.25
43799810 0.25
43819291 0.25
43924388 0.25
43929712 0.25
43931177 0.25
44094397 0.166667
44105030 -0.20675
44108146 -5.20417e-17
44132577 0.107143
44136350 0.107143
44138538 0.107143
44142387 0.107143
44147676 -1.12757e-16
44184544 -0.0526316
44206214 0.411765
44239278 0.107143
44241530 -5.20417e-17
44259757 0.107143
44272285 0.411765
44291401 0.411765
44299961 -5.20417e-17
44305986 -5.20417e-17
44407168 0.411765
44426747 0.411765
44430226 -0.0526316
44447629 0.411765
44505799 0.25
44511176 0.25
44578453 0.25
44581661 0.25
44591591 0.393939
44611098 0.25
44619581 -0.0526316
44623212 0.25
44666247 -5.20417e-17
44677225 -0.25
44678440 -0.25
44693905 -0.25
44709996 -0.25
44732458 -0.25
44736469 -0.2
44760035 -0.25
44802809 -0.25
44827650 -0.136364
44832825 -0.136364
44841784 -5.20417e-17
44897010 -0.25
44901269 -0.25
44909426 -0.25
44932762 -0.25
44939180 -0.25
44949738 -0.25
44959528 -0.25
44971784 -0.25
44992638 -0.25
44995110 -0.25
45019038 -0.25
45021897 -0.25
45050744 -0.25
45095440 -0.25
45139632 -0.25
45177883 -0.25
45279755 -0.153846
45317999 0.393939
45341031 0.25
45382285 -0.153846
45389200 -0.153846
45398904 -0.136364
45458003 -0.153846
45543622 0.25
45573400 0.25
45575644 -0.136364
45579029 -0.136364
45581936 -0.153846
45598771 -0.2
45605604 -0.153846
45617538 -0.153846
45638820 -0.25
45645461 -0.25
45647365 -0.25
45700510 0.0316901
45718673 -0.153846
45721130 -0.153846
45765299 -0.153846
45780864 -0.25
45783064 -0.136364
45816166 -0.25
45857761 -0.136364
45864382 -0.153846
45883432 -0.264368
45919289 -0.136364
45927014 -0.153846
45935750 -0.136364
45943557 -0.153846
45944366 -0.153846
45957555 -0.136364
45959668 -0.136364
45967846 -0.153846
45970663 -0.153846
45977323 -0.153846
45978597 -0.153846
45997163 -0.136364
46001346 -0.153846
46017771 -0.153846
46029242 -0.153846
46035771 -0.153846
46043807 -0.153846
46065781 -0.136364
46076424 -0.153846
46136411 -0.153846
46138918 -0.264368
46151617 -0.153846
46162803 -0.153846
46173929 -0.153846
46206427 -0.153846
46212355 -0.153846
46245652 -0.25
46264840 -0.25
46265949 0.25
46275367 0.25
46290040 0.25
46318361 0.0625
46319245 0.25
46324642 0.25
46345932 0.25
46349523 0.25
46357013 0.25
46362608 0.25
46380244 0.25
46390309 0.166667
46437213 -0.136364
46438247 -0.136364
46455568 -0.25
46460889 -0.136364
46467992 -0.136364
46476790 -0.136364
46483056 -0.136364
46522603 -0.136364
46538606 -0.136364
46549921 -0.136364
46560728 -5.20417e-17
46576021 -0.25
46588294 -5.20417e-17
46614548 -0.25
46615517 -0.25
46625010 -5.20417e-17
46625871 -5.20417e-17
46628118 -0.136364
46640266 -0.184211
46641597 -0.136364
46643236 -5.20417e-17
46663904 -0.136364
46666479 -0.136364
46675603 -0.280992
46678323 -0.136364
46688111 0.25
46691512 0.107143
46703182 -0.25
46714451 -0.136364
46720767 -5.20417e-17
46723423 -0.25
46724613 -0.25
46725419 -0.25
46731243 -0.153846
46754981 -5.20417e-17
46755716 -0.136364
46757047 -5.20417e-17
46785799 0.107143
46793256 -0.25
46797702 -5.20417e-17
46814888 -5.20417e-17
46821410 -0.25
46832065 -5.20417e-17
46851986 -0.136364
46859633 -0.136364
46867958 -0.153846
46868741 -0.25
46870628 -0.25
46872964 -0.136364
46882334 -5.20417e-17
46887496 -0.25
46893276 -0.25
46902896 -0.136364
46914425 -0.25
46919224 -0.25
46920798 -0.25
46924523 0.107143
46925239 0.107143
46934445 -0.25
46940425 -0.25
46958141 -0.153846
46965076 -5.20417e-17
46968588 -0.25
46983398 -5.20417e-17
46998826 -5.20417e-17
47002462 -5.20417e-17
47012303 -5.20417e-17
47024054 -0.25
47024906 0.25
47025888 -5.20417e-17
47027337 -5.20417e-17
47044176 -5.20417e-17
47074681 -0.136364
47081835 0.107143
47111315 0.107143
47130511 -5.20417e-17
47136679 0.107143
47159719 -0.136364
47167101 -0.136364
47169058 -0.136364
47184782 -0.136364
47239556 -0.153846
47241278 -0.153846
47252087 -0.153846
47268053 -0.184211
47276360 -0.184211
47293800 0.107143
47302758 -0.153846
47319226 -0.25
47344725 -0.184211
47353673 -0.184211
47367858 -0.184211
47435005 -0.184211
47445161 0.107143
47447552 0.107143
47576355 -5.20417e-17
47619812 -5.20417e-17
47630049 -0.153846
47637558 0.5
47638221 -5.20417e-17
47642366 0.5
47646309 0.5
47652171 -5.20417e-17
47660535 -5.20417e-17
47661558 -5.20417e-17
47667340 -5.20417e-17
47668160 -5.20417e-17
47681078 -5.20417e-17
47707314 0.5
47708029 -5.20417e-17
47770968 -5.20417e-17
47783573 0.5
47862732 -5.20417e-17
47879138 -5.20417e-17
47881223 -5.20417e-17
47884469 -5.20417e-17
47895551 0.25
