27936 -5.20417e-17
60790 -0.0526316
79641 -5.20417e-17
82862 -5.20417e-17
84193 -5.20417e-17
84475 -5.20417e-17
114748 0.166667
132390 -0.156417
493964 -0.25
501731 -5.20417e-17
509847 -5.20417e-17
608094 -0.153846
609460 -0.25
612668 -0.136364
626123 -0.25
649956 -0.2
656098 -0.25
669123 -0.136364
743583 -0.136364
747913 -0.25
775176 -0.136364
789641 -0.136364
801649 -0.136364
836192 -0.136364
837291 -0.136364
845651 -5.20417e-17
866698 -0.136364
890151 -0.136364
894552 -5.20417e-17
921254 -0.136364
925722 -0.136364
955419 -5.20417e-17
980998 -5.20417e-17
995909 0.107143
1018033 0.107143
1072205 0.411765
1104580 -5.20417e-17
1118921 0.411765
1157432 0.107143
1160212 0.411765
1201031 0.411765
1215222 -5.20417e-17
1234490 0.107143
1242927 -0.25
1245810 0.107143
1260234 0.107143
1270895 -5.20417e-17
1346405 -5.20417e-17
1404673 0.107143
1421599 0.107143
1457787 0.107143
1458364 0.107143
1466461 -0.00515464
1468112 0.107143
1470272 0.107143
1472218 0.107143
1475861 0.107143
1532017 0.107143
1565097 0.5
1577556 0.5
1597742 0.5
1603420 0.5
1604163 0.5
1627366 -0.136364
1673727 0.107143
1755532 -0.153846
1756279 0.107143
1785765 -5.20417e-17
1787805 -5.20417e-17
1789782 -5.20417e-17
1791793 -5.20417e-17
1855304 -0.25
2038904 -0.136364
2040118 -0.136364
2040775 -0.136364
2104129 -0.136364
2118361 0.5
2122347 0.5
2128916 0.25
2141636 0.5
2340834 -0.153846
2352768 -0.153846
2420702 -0.153846
2481568 0.107143
2501502 0.107143
2508365 0.5
2522068 0.5
2551883 0.5
2624221 0.5
2625570 0.5
2676998 -5.20417e-17
2748236 -5.20417e-17
2749838 -5.20417e-17
2764105 -5.20417e-17
3104699 -0.136364
3140242 0.5
3163886 0.5
3170514 0.5
3170761 0.5
3226536 0.5
3226750 0.5
3279594 0.25
3313055 -5.20417e-17
3313294 -0.153846
3357758 -0.153846
3362688 0.25
3388051 0.25
3392346 -0.25
3392880 0.25
3396192 0.25
3397159 -0.153846
3404287 0.5
3439084 0.25
3447445 -0.153846
3454131 0.25
3459326 -0.25
3460245 -0.25
3475470 0.25
3481814 -0.25
3528452 -0.25
3543679 -0.25
3616137 -0.153846
3620260 -0.153846
3629797 -0.153846
3630841 -0.153846
3633009 -0.153846
3641205 -0.153846
3643449 -0.153846
3644771 -0.153846
3659169 -0.197917
3660964 -0.153846
3662768 -0.153846
3663776 -0.153846
3669706 -0.153846
3975042 0.5
4130479 -0.264368
4156446 -0.25
4157597 -0.195652
4165320 -0.25
4167007 -0.25
4187283 -5.20417e-17
4245837 -0.25
4319355 -0.25
4332033 -0.25
4335715 -0.25
4353927 -0.25
4360862 -0.25
4365711 -0.25
4425096 -0.136364
4456132 -5.20417e-17
4584430 -5.20417e-17
4941014 -5.20417e-17
5001043 -5.20417e-17
5040384 -0.136364
5058680 -0.136364
5064301 -0.136364
5140584 -0.136364
5140936 -0.136364
5184562 -0.136364
5202219 -0.136364
5211863 -0.136364
5216732 -0.136364
5260169 -0.136364
5303094 -0.25
5324457 -0.25
5381609 -0.25
5387996 -5.20417e-17
5406773 -0.25
5407073 -0.25
5433911 -5.20417e-17
5436003 -5.20417e-17
5499125 -0.132075
5531905 -5.20417e-17
5543013 -5.20417e-17
5543546 -5.20417e-17
5544577 -5.20417e-17
5597303 -0.25
5631766 -5.20417e-17
5640927 -0.25
5666361 -0.25
5698957 -5.20417e-17
5700406 -5.20417e-17
5729763 -0.25
5812524 -0.25
5822663 -0.25
5823897 -0.153846
5835215 -0.0526316
5842114 -0.25
5853765 -5.20417e-17
5912387 -0.25
5944572 -5.20417e-17
5964214 -0.25
6069381 -0.136364
6085327 -0.0185185
6099232 -0.0185185
6146667 -0.153846
6174272 -5.20417e-17
6286925 -5.20417e-17
6372464 -0.25
6375580 -5.20417e-17
6385388 -0.25
6390053 -0.25
6404245 -0.25
6441486 -5.20417e-17
6466256 -0.153846
6467353 -0.153846
6484495 -0.280992
6487117 -5.20417e-17
6493434 -0.25
6546570 4.16334e-17
6548758 -5.20417e-17
6570567 -0.153846
6581862 -0.25
6614307 -0.2
6614450 -0.2
6616833 -0.2
6617115 -0.2
6686351 -0.25
6716017 -0.25
6722530 -0.25
6783932 -0.136364
6784111 -0.136364
6803119 0.25
6843843 0.25
6851950 -0.25
6861034 -0.25
6885409 -0.136364
6909916 -0.25
6918676 -0.153846
6919668 -0.153846
6957940 -0.184211
6981466 -0.136364
6985420 -5.20417e-17
7008729 -0.184211
7018807 -0.184211
7073635 0.166667
7078527 -0.184211
7105635 -0.195652
7241958 -5.20417e-17
7265304 -0.136364
7292140 -5.20417e-17
7294993 -5.20417e-17
7295283 -5.20417e-17
7306719 -5.20417e-17
7313297 -5.20417e-17
7318768 -5.20417e-17
7327225 -5.20417e-17
7329187 -0.184211
7355343 -0.2
7371647 -5.20417e-17
7385854 -5.20417e-17
7421034 -5.20417e-17
7429982 -5.20417e-17
7470503 -5.20417e-17
7485638 -5.20417e-17
7486533 -5.20417e-17
7487583 -5.20417e-17
7487884 -0.132075
7526362 -0.25
7529157 -0.153846
7537508 -0.25
7620868 0.194631
7637888 0.25
7659293 -5.20417e-17
7663003 0.25
7678228 0.25
7689180 0.047619
7692247 0.25
7716593 -1.12757e-16
7722511 -0.184211
7740292 -5.20417e-17
7762338 -0.153846
7780106 -1.12757e-16
7786166 -1.12757e-16
7794830 -0.136364
7827983 -0.153846
7841986 -5.20417e-17
7855112 -1.12757e-16
7868301 -0.153846
7891132 -0.153846
7894357 -0.153846
7896885 -0.25
7916319 -0.153846
7921539 -5.20417e-17
7923990 -0.25
7928246 -5.20417e-17
7947700 -1.12757e-16
7950915 -0.136364
7951213 -0.136364
7982338 -0.184211
7993855 -0.25
8021182 -0.264368
8045135 -0.25
8068582 -0.136364
8085085 -0.25
8100583 -5.20417e-17
8178935 0.25
8199536 -5.20417e-17
8221934 0.25
8311046 0.25
8343876 -0.195652
8365655 0.25
8371680 0.0625
8486465 -5.20417e-17
8488833 -5.20417e-17
8529389 -5.20417e-17
8757928 -5.20417e-17
8808577 -5.20417e-17
8808838 -5.20417e-17
8932646 -5.20417e-17
8947506 -5.20417e-17
8985500 -0.153846
9035819 -5.20417e-17
9039868 -5.20417e-17
9085437 -5.20417e-17
9087027 -0.136364
9089720 -0.0526316
9093024 -0.136364
9163989 0.25
9218939 -5.20417e-17
9227148 -5.20417e-17
9274481 -5.20417e-17
9407745 -5.20417e-17
9451023 -5.20417e-17
9453068 -5.20417e-17
9946974 -5.20417e-17
10093339 -5.20417e-17
10535874 -5.20417e-17
10667780 -5.20417e-17
10689310 -5.20417e-17
10709460 -5.20417e-17
10709719 -5.20417e-17
10712690 -0.0526316
10733302 -5.20417e-17
10809898 -5.20417e-17
10987098 0.107143
11009747 0.107143
11019800 0.107143
11073821 0.107143
11124796 -0.25
11127197 -0.25
11315475 -5.20417e-17
11353546 -0.136364
11360371 -0.136364
11363772 -0.136364
11364909 -0.136364
11376809 -0.25
11380141 -0.25
11382912 -0.25
11399793 -0.25
11483858 -5.20417e-17
11496607 -5.20417e-17
11506438 -0.136364
11662107 -0.25
11686193 -0.25
11726799 -0.25
11733097 -0.25
11733336 -0.25
11812926 -5.20417e-17
11813160 -5.20417e-17
11850932 -5.20417e-17
11860303 -0.0260116
11871084 -5.20417e-17
11932555 -5.20417e-17
11940520 -0.153846
11943719 -5.20417e-17
11944191 -5.20417e-17
11975393 -5.20417e-17
11976726 -5.20417e-17
11981414 -5.20417e-17
12035292 -0.153846
12055209 -5.20417e-17
12155913 -0.153846
12170620 0.0625
12200543 -0.153846
12278627 0.107143
12360950 -0.153846
12372846 -0.153846
12383890 -0.153846
12441358 -0.25
12456801 -0.25
12470572 -1.12757e-16
12490193 -0.2
12495576 -0.25
12552691 -0.153846
12565515 -5.20417e-17
12571378 -5.20417e-17
12584572 -0.25
12941178 -0.153846
12980012 -0.153846
12980719 -0.264368
12980867 -0.153846
12984228 -0.153846
12984798 -0.153846
12990773 -0.25
12999918 -0.25
13013386 -0.153846
13024364 -0.350482
13026445 -0.153846
13028606 -0.153846
13034613 -0.2
13035696 -0.25
13037251 -0.153846
13037393 -0.2
13047618 -0.153846
13054297 -0.153846
13062162 -0.153846
13090474 -0.153846
13096928 -0.153846
13123832 -0.197917
13127505 -0.153846
13160315 -0.153846
13178270 -5.20417e-17
13184697 -0.153846
13187666 -0.254603
13234736 -0.153846
13235656 -0.153846
13237270 -0.153846
13264621 -0.153846
13308209 -0.153846
13323482 -0.153846
13331788 -0.2
13337290 -0.153846
13345871 -0.153846
13346793 -0.153846
13365355 -0.153846
13365505 -0.153846
13368203 -0.153846
13369390 -0.153846
13374201 -0.25
13380442 -0.136364
13384329 -0.136364
13385638 -0.136364
13389949 -0.136364
13439756 -0.25
13449148 -0.25
13471438 -0.25
13515983 -0.25
13516223 -0.25
13531658 -0.25
13542356 -0.25
13566413 -0.153846
13620762 -0.0526316
13627407 -5.20417e-17
13643928 -5.20417e-17
13649273 -0.264368
13656409 -0.153846
13670814 -0.25
13675773 -0.136364
13677260 -5.20417e-17
13678050 -0.136364
13688272 -5.20417e-17
13701479 -5.20417e-17
13759357 -0.25
13805745 -0.25
13842680 -5.20417e-17
13844807 -0.136364
13847595 -5.20417e-17
13848796 -0.136364
13857435 -5.20417e-17
13857806 -5.20417e-17
13868344 -0.25
13897664 -0.25
13897847 -0.25
13917815 -0.25
14004435 -0.0526316
14026339 -5.20417e-17
14029207 -5.20417e-17
14034139 -5.20417e-17
14073636 0.107143
14074224 0.107143
14086464 0.107143
14094641 0.107143
14113314 -0.153846
14120149 -0.153846
14125130 -0.153846
14127092 -0.153846
14131170 -0.153846
14141502 -0.153846
14146181 0.047619
14148251 -0.153846
14154444 -0.153846
14155713 -0.153846
14158279 -0.153846
14161397 -0.153846
14174887 -0.153846
14175589 -0.153846
14205340 0.166667
14217060 0.25
14218951 0.25
14224133 0.25
14235812 0.25
14238265 0.25
14258126 0.25
14267156 0.25
14277623 0.25
14281072 0.25
14286551 0.25
14287743 0.25
14289725 0.25
14290256 0.25
14290718 0.25
14304741 0.25
14308890 0.25
14313886 0.25
14314329 0.25
14318777 0.25
14319120 0.25
14331894 -0.25
14353691 0.25
14363799 0.393939
14364647 0.25
14368819 0.25
14381094 0.25
14398914 0.107143
14401777 0.107143
14402114 0.107143
14414191 0.107143
14427316 0.107143
14435179 0.107143
14467410 0.107143
14469061 0.107143
14495135 -0.2
14507138 -0.153846
14533063 -0.153846
14533376 -0.153846
14547249 -0.153846
14554440 -0.153846
14554693 -0.153846
14580871 -0.0185185
14582346 -0.153846
14596068 -0.153846
14600572 -0.153846
14615924 -0.264368
14624609 -0.0185185
14649365 -0.153846
14668330 -0.153846
14669338 -0.153846
14723169 -0.25
14725159 -0.25
14741952 -0.25
14751154 -0.25
14771088 -0.0185185
14771625 -0.25
14771961 -0.25
14780039 -0.153846
14780835 -0.25
14786797 -0.25
14818780 -0.153846
14886441 -0.25
14896221 -0.153846
14896462 -0.153846
14900008 -0.25
14901930 -0.153846
14932240 -0.153846
14935879 -0.25
14937703 -0.25
14949023 -0.25
14967527 -5.20417e-17
15070719 -5.20417e-17
15070963 -5.20417e-17
15072106 -5.20417e-17
15074859 -5.20417e-17
15078854 -5.20417e-17
15103846 -5.20417e-17
15104021 -5.20417e-17
15157976 -5.20417e-17
15197133 -5.20417e-17
15231313 -0.25
15243128 -0.153846
15243517 -0.25
15265180 -0.25
15272365 -0.264368
15284944 -0.25
15331127 -0.153846
15359394 0.107143
15360572 -0.153846
15374116 -0.153846
15379050 -0.136364
15418909 -0.153846
15419312 -0.153846
15495234 -0.153846
15496031 -0.153846
15498399 -0.153846
15499099 -0.153846
15499442 -0.153846
15504305 -0.153846
15519308 -0.153846
15521724 -0.136364
15522282 -0.153846
15576418 -0.280992
15580111 -0.153846
15580880 -0.153846
15609717 -0.136364
15612988 -0.0526316
15614187 -0.25
15619812 -0.136364
15640011 -0.136364
15669170 -0.136364
15681972 -0.25
15683597 -0.226415
15683740 -0.25
15745642 -0.25
15754774 -0.136364
15781134 -0.136364
15801646 -0.0185185
15825296 -0.25
15841352 -0.136364
15841505 -0.25
15841692 -0.25
15843713 -0.136364
15847398 -5.20417e-17
15853245 -0.25
15855768 -0.153846
15865285 -0.264368
15894490 -0.153846
15895973 -0.264368
15896666 -0.153846
15900993 -5.20417e-17
15908065 -0.136364
15908271 -0.25
15959069 -0.25
15985465 -0.153846
16009748 -0.153846
16029247 -5.20417e-17
16040084 -0.25
16040950 -5.20417e-17
16042498 -0.25
16042851 -0.25
16046477 -0.25
16046818 -5.20417e-17
16047214 -5.20417e-17
16047387 -5.20417e-17
16058426 -0.25
16070707 -0.25
16083760 -0.25
16086638 -0.0526316
16087392 -0.25
16099315 -5.20417e-17
16133204 -0.153846
16157561 -0.25
16158231 -0.25
16162227 -5.20417e-17
16164776 -5.20417e-17
16175478 -5.20417e-17
16177097 -0.153846
16182609 -0.25
16184873 -0.25
16185493 -5.20417e-17
16185880 -0.25
16192421 -5.20417e-17
16216524 -5.20417e-17
16227786 -5.20417e-17
16246724 -5.20417e-17
16256683 -5.20417e-17
16344837 -0.25
16345219 -0.25
16348091 -0.25
16365309 -0.25
16372248 -5.20417e-17
16404900 -5.20417e-17
16420447 -5.20417e-17
16420962 -5.20417e-17
16421594 -0.25
16422233 -0.25
16423204 -0.25
16441080 -0.25
16441404 -0.25
16444181 -0.25
16458580 -5.20417e-17
16484446 -5.20417e-17
16486643 -5.20417e-17
16487815 -5.20417e-17
16490186 -1.12757e-16
16495673 -5.20417e-17
16501219 -5.20417e-17
16506243 -5.20417e-17
16507970 -5.20417e-17
16508436 -5.20417e-17
16508920 -5.20417e-17
16509298 -5.20417e-17
16547616 -5.20417e-17
16548064 -5.20417e-17
16548951 -5.20417e-17
16549288 -5.20417e-17
16549818 -5.20417e-17
16550095 -5.20417e-17
16550385 -1.12757e-16
16552277 -5.20417e-17
16553314 -5.20417e-17
16556565 -5.20417e-17
16558504 -5.20417e-17
16559434 -5.20417e-17
16566967 -5.20417e-17
16567319 -5.20417e-17
16578021 -5.20417e-17
16582666 -5.20417e-17
16583447 -5.20417e-17
16583758 -5.20417e-17
16584775 -5.20417e-17
16591818 -5.20417e-17
16593761 -5.20417e-17
16612216 -5.20417e-17
16612599 -5.20417e-17
16612943 -5.20417e-17
16627475 -5.20417e-17
16674718 -5.20417e-17
16680129 -5.20417e-17
16689251 -5.20417e-17
16704557 -0.25
16705316 -0.25
16706204 -0.25
16706510 -0.25
16714933 -0.25
16716145 -0.25
16722526 -0.25
16732606 -5.20417e-17
16752445 -5.20417e-17
16769281 -5.20417e-17
16778342 -5.20417e-17
16781849 -5.20417e-17
16786131 -5.20417e-17
16786363 -5.20417e-17
16786606 -5.20417e-17
16786771 -5.20417e-17
16787859 -5.20417e-17
16788338 -5.20417e-17
16788738 -5.20417e-17
16789076 -5.20417e-17
16789752 -5.20417e-17
16789978 -5.20417e-17
16790223 -5.20417e-17
16790675 -5.20417e-17
16839931 -0.153846
16899074 -0.153846
16968506 -0.153846
17003550 -0.153846
17154269 -0.25
17170673 -0.153846
17194832 -0.153846
17202091 -0.153846
17202329 -0.264368
17202553 -0.153846
17202819 -0.153846
17203009 -0.153846
17229619 -0.136364
17232870 -0.153846
17233786 -0.136364
17236336 -0.136364
17239585 -0.25
17264854 -0.25
17265495 -0.25
17266849 -0.25
17270294 -0.195652
17276210 -0.153846
17303937 -0.153846
17364510 -0.153846
17368485 -0.153846
17389243 -0.153846
17390255 -0.153846
17391840 -0.153846
17393005 -0.153846
17401316 -0.153846
17429210 -0.0526316
17433869 -0.153846
17436477 -0.153846
17439802 -0.136364
17453327 -0.136364
17453976 -0.153846
17467676 -0.25
17470006 -0.153846
17472222 -0.153846
17476279 -0.153846
17477681 -0.153846
17494452 -0.25
17544428 -0.264368
17569692 -0.153846
17622398 -0.153846
17672411 -0.153846
17729087 -5.20417e-17
17761410 -0.153846
17812353 -0.25
17872926 -0.25
17920405 -0.25
17966360 -0.25
17997903 -0.25
18022683 -0.25
18068204 -5.20417e-17
18230296 -0.25
18269421 -0.25
18315510 -0.136364
18339937 -0.25
18446052 -0.136364
18481405 -0.136364
18521487 -0.25
18614629 -0.25
18700460 -0.25
18788512 -0.136364
18831675 -0.136364
18896222 -0.136364
18927980 -0.153846
18970072 -0.153846
19014194 -0.153846
19120623 -0.153846
19176834 0.107143
19261720 -0.153846
19321023 -0.25
19354163 -0.25
19447386 -0.25
19486921 -0.153846
19520418 -0.153846
19544938 -0.136364
19573982 -0.136364
19611280 -0.136364
19683505 -5.20417e-17
19744952 -0.25
19818851 -0.153846
19858251 -0.132075
19913355 -5.20417e-17
19939767 -5.20417e-17
20019602 0.25
20048520 -5.20417e-17
20279433 0.25
20353073 -0.0526316
20419977 -5.20417e-17
20465934 -0.25
20512994 -0.25
20546333 -0.136364
20570157 -0.136364
20596465 -0.136364
20633420 -0.136364
20686842 -0.25
20866458 -0.195652
20916554 -0.136364
20940014 -5.20417e-17
20966229 -0.280992
20991944 -0.136364
21035678 -0.136364
21074452 -0.136364
21114046 -0.136364
21143967 -0.184211
21211133 -0.136364
21252730 -0.25
21368383 -0.195652
21400435 -5.20417e-17
21454179 -0.136364
21516983 -0.136364
21580412 -0.136364
21606676 -0.25
21633292 -0.25
21786787 -5.20417e-17
21820219 -0.136364
21956761 -5.20417e-17
21986774 -0.136364
22036914 -0.136364
22117594 -0.280992
22187936 -5.20417e-17
22212993 -5.20417e-17
22238159 -5.20417e-17
22384642 -0.195652
22412300 -0.195652
22449073 -0.136364
22478790 -5.20417e-17
22562282 -0.136364
22598818 -0.136364
22733239 -0.136364
22783857 -0.136364
22932698 -0.136364
22961419 -0.136364
23005112 -5.20417e-17
23175315 -0.136364
23206942 -5.20417e-17
23289805 -0.136364
23333717 -0.136364
23423070 -5.20417e-17
23488728 -0.226415
23543499 -0.136364
23577250 -0.136364
23602456 -0.136364
23625318 -5.20417e-17
23682005 -0.136364
23769222 -0.226415
23811287 -0.136364
23883939 -5.20417e-17
24347015 -0.136364
24465069 -0.136364
24628613 -0.136364
24723754 -5.20417e-17
24802794 -0.136364
24842160 -5.20417e-17
24890301 -0.136364
24922858 -0.136364
25149809 -5.20417e-17
25185812 -5.20417e-17
25616531 -0.136364
26048656 -0.136364
26103041 0.25
26151237 -0.136364
26380083 -0.136364
26528747 -0.136364
26563502 0.0625
26612070 -0.136364
26660217 -0.136364
26823062 -0.136364
26848852 -5.20417e-17
26928230 -0.136364
27289167 -0.264368
27355636 -0.226415
27526124 -0.136364
27628786 -0.136364
27688526 -0.136364
27748649 -0.136364
27787659 -0.136364
27847475 -0.136364
27937415 -0.136364
28008476 -0.136364
28086922 -0.195652
28131325 -0.136364
28325023 -0.226415
28403264 -0.195652
28439637 -0.226415
28506625 -5.20417e-17
28553320 -0.136364
28594238 -0.136364
28804685 -0.136364
28876167 -0.136364
28978753 -0.136364
29015406 -0.136364
29039651 -0.136364
29075112 -0.136364
29133643 -0.136364
29185593 -5.20417e-17
29276277 -0.136364
29305508 -0.136364
29374659 -0.136364
29419856 -0.195652
29523741 -0.195652
29615510 0.166667
29664465 -0.136364
29695318 -0.136364
29734583 -0.25
29771269 -5.20417e-17
29864353 -5.20417e-17
30002101 -0.136364
30027071 -5.20417e-17
30222787 -5.20417e-17
30303895 -5.20417e-17
30766516 -0.25
30897095 -0.226415
30988333 0.25
31085380 -5.20417e-17
31188783 -0.25
31550383 -5.20417e-17
32783474 0.25
33000707 -5.20417e-17
33186353 0.25
33390719 -0.25
33455115 -5.20417e-17
33801116 -0.2
34354260 -0.25
34404490 -0.25
34455386 -0.25
34540898 -5.20417e-17
34566459 -0.25
34771447 -0.25
35005346 -5.20417e-17
35133820 -5.20417e-17
35433981 -5.20417e-17
35605317 -5.20417e-17
35809279 -0.136364
35886438 -0.136364
35910523 -5.20417e-17
36057534 0.25
36084443 0.25
36122240 -5.20417e-17
36230015 -0.136364
36347084 -0.136364
36478379 -0.136364
36593777 -0.25
36645413 0.25
36808946 -5.20417e-17
36881178 -5.20417e-17
36978146 -5.20417e-17
37062726 -0.136364
37243885 -5.20417e-17
37498287 -0.25
37691522 -0.25
37825999 -0.25
38073750 -0.25
38104910 -0.25
38139409 -0.25
38195052 -0.25
38384609 -0.25
38435794 -0.25
38527444 -0.25
38621272 -0.25
38660086 -0.2
38795762 -0.2
38920680 -0.25
39104609 -0.25
39188086 -0.25
39399409 -0.25
39537336 -0.25
40380305 -0.25
40612439 -5.20417e-17
40770090 -0.25
41010787 -0.25
41147967 -0.25
41235847 -0.25
41376571 -0.25
41974977 -5.20417e-17
42122528 -0.136364
42275891 -5.20417e-17
42307699 -5.20417e-17
42394532 -5.20417e-17
42505704 -0.153846
42879612 -5.20417e-17
43064582 -0.153846
43269264 -5.20417e-17
43326532 -5.20417e-17
43381556 -5.20417e-17
43428865 -5.20417e-17
43461818 -0.25
43617687 -5.20417e-17
43644895 -5.20417e-17
43668629 -5.20417e-17
43725350 -5.20417e-17
43761107 -5.20417e-17
43885978 -0.136364
43996760 -0.25
44083402 -0.136364
44115464 -0.25
44143186 -5.20417e-17
44190937 -0.136364
44508122 -0.153846
44533520 -5.20417e-17
44621268 -5.20417e-17
44669377 -0.195652
44703481 -0.25
44735683 -5.20417e-17
44867962 -5.20417e-17
45035185 -5.20417e-17
45198354 -5.20417e-17
45235710 -5.20417e-17
45351401 -5.20417e-17
45410279 -5.20417e-17
45436808 -5.20417e-17
45534484 -5.20417e-17
45759557 -5.20417e-17
45788298 -5.20417e-17
45886042 -5.20417e-17
45930385 -5.20417e-17
46001831 -5.20417e-17
46048495 -0.0526316
46106528 -5.20417e-17
46186236 -5.20417e-17
46268803 -5.20417e-17
46295298 -5.20417e-17
46486319 -5.20417e-17
46572307 -5.20417e-17
46607357 -0.25
46611667 -0.25
46612581 -0.25
46630211 -0.280992
46650062 -0.25
46652788 -0.25
46658461 -0.25
46705598 -0.136364
46719374 -0.136364
46758412 -5.20417e-17
46795225 -5.20417e-17
46800304 -0.25
46802305 -5.20417e-17
46805251 -0.25
46850451 -5.20417e-17
46850713 -5.20417e-17
46851528 -5.20417e-17
46851753 -5.20417e-17
46853474 -0.0526316
46854119 -0.0526316
46854334 -0.122941
46855049 -5.20417e-17
46855442 -5.20417e-17
46888465 -0.25
46892482 -0.25
46904609 -0.153846
46912842 -0.0526316
46929994 -0.0526316
46942865 -0.25
46950450 -5.20417e-17
46954093 -5.20417e-17
46957939 -5.20417e-17
47112305 -0.136364
47120898 0.125
47134306 -0.25
47135301 -0.25
47146260 -0.136364
47186844 -0.25
47192195 -0.0526316
47205841 -0.153846
47255484 -0.25
47264230 -0.25
47275286 -0.25
47276942 -0.25
47285107 -0.197917
47315291 -0.264368
47337774 -0.153846
47343215 -0.136364
47356973 -0.171875
47363635 -0.136364
47365278 -0.136364
47377627 -0.136364
47380588 -0.132075
47386310 -0.136364
47416685 -0.25
47431561 -0.153846
47431886 -0.153846
47433724 -0.153846
47448513 -0.136364
47452526 -0.25
47453450 -5.20417e-17
47455283 -0.25
47460008 -0.25
47468143 -0.136364
47468295 -0.136364
47470437 -0.264368
47473722 -0.136364
47518032 -0.226415
47527981 -0.25
47549026 -0.25
47553044 -0.25
47568246 -0.25
47569961 -0.136364
47572973 -0.25
47573235 -0.136364
47592490 -0.136364
47600703 -0.25
47610879 -0.153846
47618313 -0.136364
47622070 -5.20417e-17
47633030 -0.25
47649770 -0.25
47665534 -0.25
47722575 -0.25
47724450 -0.25
47727083 -0.136364
47739474 -0.136364
47741090 -0.136364
47742646 -0.153846
47742885 -0.153846
47745109 -0.136364
47745803 -0.280992
47749285 -0.136364
47751118 -0.136364
47751676 -0.136364
47757588 -0.136364
47763450 -0.136364
47763905 -0.153846
47767809 -0.153846
47769455 -0.153846
47777937 -0.153846
47778344 -0.153846
47812335 -0.153846
47814398 -0.153846
47827027 -0.25
47828265 -0.25
47831176 -0.25
47846131 -0.25
47847055 -0.153846
47859309 -0.25
47861616 -0.25
47865396 -0.153846
47869389 -0.25
47875052 -0.25
47883817 -0.25
47885363 -0.25
47886753 -0.25
47887391 -0.25
47888170 -0.25
47891147 -0.25
47897368 -0.25
47898749 -0.25
47929850 -0.25
47933744 -0.25
47944456 -0.25
47944699 -0.25
47946879 -0.25
47959012 -0.134918
47970654 -0.25
47999265 -0.25
47999849 -0.153846
48042373 -0.25
48048253 -0.25
48080474 -0.184211
48094855 -0.25
48107039 -0.25
48114549 -0.25
48115476 -0.25
48116229 -0.25
48117505 -0.25
48118161 -0.25
48118449 -0.25
48125026 -0.25
48135781 -0.25
48135953 -0.25
48136182 -0.25
48152602 -0.25
48152938 -0.25
48156677 -0.25
48157501 -0.25
48172697 -0.136364
48174661 -0.25
48174918 -0.25
48176657 -0.25
48191362 -5.20417e-17
48197233 -0.25
48198480 -0.153846
48205152 -0.25
48211587 -0.136364
48220822 -0.25
48252623 -0.153846
48335171 -5.20417e-17
48344234 -0.136364
48348278 -0.136364
48355343 0.166667
48361459 -0.136364
48364034 -0.25
48368151 -0.25
48379671 -0.153846
48383483 -0.2
48385426 -0.25
48385737 -0.153846
48394685 -0.153846
48396005 -0.153846
48410319 -5.20417e-17
48444236 -0.136364
48450455 -0.25
48451005 -0.25
48464349 -0.25
48466050 -0.25
48468113 -0.25
48549090 -0.136364
48558163 -5.20417e-17
48559825 -5.20417e-17
48567721 -0.136364
48573031 -5.20417e-17
48602538 -5.20417e-17
48614384 -0.136364
48623934 -0.136364
48664312 -5.20417e-17
48664500 -5.20417e-17
48696347 -5.20417e-17
48725006 -0.25
48726044 -0.153846
48731831 -0.25
48733479 -0.153846
48755906 -0.153846
48764726 -0.25
48770969 -0.25
48790662 -0.25
48796751 -0.25
48822954 -1.12757e-16
48874222 -0.25
48875217 -0.25
49024720 -5.20417e-17
49036041 -5.20417e-17
49049439 0.25
49052950 -5.20417e-17
49060552 -5.20417e-17
49087042 -5.20417e-17
49089182 0.25
49092183 0.25
49095873 -5.20417e-17
49152330 -5.20417e-17
49162241 -5.20417e-17
49162996 -5.20417e-17
49189084 -5.20417e-17
49235940 -0.153846
49289477 0.107143
49296789 0.107143
49300619 0.107143
49303210 0.107143
49305343 0.107143
49330075 -0.153846
49330641 -0.153846
49357489 -0.153846
49517976 -5.20417e-17
49537464 -5.20417e-17
49539947 -5.20417e-17
49547386 -5.20417e-17
49552884 -5.20417e-17
49588829 -5.20417e-17
49592778 -0.136364
49599029 0.25
49649256 -0.264368
49664340 -0.280992
49680688 -0.136364
49688358 -0.136364
49688869 -0.195652
49689167 -0.226415
49689636 -0.195652
49703264 -0.25
49704065 -0.195652
49705691 -0.136364
49706309 -0.25
49709747 -0.25
49711523 0.107143
49711761 0.107143
49712499 0.107143
49810204 -5.20417e-17
49834366 -0.136364
49867792 -0.25
49868372 -0.25
49870244 -0.136364
49870578 -0.136364
49931403 -0.25
49943935 -0.153846
49990409 -0.153846
50004629 -0.136364
50012557 -0.153846
50019045 -0.153846
50112627 -0.25
50160080 -0.136364
50168024 -0.153846
50170003 -0.25
50171000 -0.153846
50171507 -0.25
50171806 -0.25
50172279 -0.153846
50174940 -0.153846
50180941 -0.153846
50196244 -0.136364
50218606 -0.136364
50219418 -0.153846
50224760 -0.25
50225266 -0.153846
50244483 -0.136364
50323138 -0.25
50331640 -0.136364
50338590 -0.25
50377967 -1.12757e-16
50393844 -0.25
50394357 -0.25
50411212 -0.25
50509356 -0.2
50541331 -0.25
50546328 -0.136364
50547917 -0.136364
50549695 -0.136364
50566469 -0.25
50569095 -0.25
50571079 -0.25
50580673 -0.136364
50580854 -0.136364
50581029 -0.136364
50588718 -0.136364
50588869 -0.136364
50599016 -0.25
50603738 -0.136364
50614817 -0.136364
50648509 -0.136364
50651656 -0.136364
50656959 -0.136364
50659572 -0.136364
50659838 -0.136364
50660062 -0.136364
50670850 -0.25
50683240 -0.25
50701810 -0.25
50711282 -0.153846
50717456 -0.25
50738369 -0.153846
50743212 -0.25
50773950 -0.153846
50787645 -0.2
50788880 -0.153846
50817281 -5.20417e-17
50818472 -0.25
50852296 -5.20417e-17
50892337 -0.25
50907396 -0.25
50911194 -0.25
50936449 -5.20417e-17
50952973 -0.136364
50979817 -5.20417e-17
50985991 -5.20417e-17
51011432 -0.136364
51029740 -5.20417e-17
51065535 -5.20417e-17
51072096 -5.20417e-17
51075112 -5.20417e-17
51075973 0.189189
51105213 -0.195652
51118421 -5.20417e-17
51128748 -5.20417e-17
51150878 -0.226415
51169689 -5.20417e-17
51255865 -5.20417e-17
51268017 -5.20417e-17
51272622 -5.20417e-17
51284199 -5.20417e-17
51292443 -5.20417e-17
51315634 -5.20417e-17
51316639 -5.20417e-17
