12018 -5.20417e-17
21750 -5.20417e-17
58749 -5.20417e-17
105085 -5.20417e-17
117428 -5.20417e-17
123586 -5.20417e-17
160904 -5.20417e-17
201448 -0.136364
209284 -0.25
210823 -0.25
213770 -0.25
291914 -0.136364
292492 -0.136364
300615 -0.25
308102 -0.136364
317349 -0.25
318120 -0.25
384215 -0.184211
398350 -5.20417e-17
405623 -0.25
406096 -0.25
418071 -5.20417e-17
420723 -5.20417e-17
425159 -5.20417e-17
432479 -0.25
434151 -0.25
450712 -5.20417e-17
461196 -5.20417e-17
464582 -5.20417e-17
468316 -5.20417e-17
469490 -0.25
472701 -5.20417e-17
477177 -0.25
484990 -0.25
487599 -5.20417e-17
488255 -5.20417e-17
488551 -5.20417e-17
498662 -5.20417e-17
523725 -5.20417e-17
595812 -5.20417e-17
615080 -5.20417e-17
623541 -5.20417e-17
624477 -5.20417e-17
628524 -5.20417e-17
884960 -0.136364
939220 -0.25
954235 -0.25
954941 -0.25
955455 -0.25
984321 -0.25
1049939 -0.136364
1050346 -0.136364
1092569 -0.136364
1180877 -0.136364
1274586 -0.136364
1282592 -0.136364
1358556 -5.20417e-17
1410248 -0.136364
1442678 -0.136364
1444334 -0.136364
1496131 -0.153846
1536037 -0.25
1542600 -0.136364
1543522 -0.136364
1544512 -0.184211
1547452 -0.153846
1582267 -0.25
1624690 -0.136364
1626313 -0.136364
1927907 -0.153846
1940777 -0.153846
1942075 -0.153846
1952710 -0.153846
1956463 -0.153846
1960856 -0.153846
2167334 -0.25
2207089 -5.20417e-17
2213518 -0.153846
2324474 -0.2
2326077 -0.2
2376462 -0.184211
2462467 -0.264368
2483681 0.166667
2506014 0.166667
2635309 0.107143
2666291 -0.136364
2710497 4.16334e-17
2710952 4.16334e-17
2716647 4.16334e-17
2717677 -0.136364
2737995 0.5
2742629 4.16334e-17
2743114 4.16334e-17
2743966 -0.0526316
2746147 4.16334e-17
2749021 0.5
2749364 -0.184211
2750426 -0.136364
2751623 4.16334e-17
2755827 4.16334e-17
2760617 4.16334e-17
2763449 4.16334e-17
2804036 0.5
2849405 0.5
2851236 0.5
2885214 0.5
2899500 0.5
2935218 0.5
2986606 0.5
3041109 -0.226415
3046265 -0.184211
3049102 -0.195652
3051757 -5.20417e-17
3057232 0.274194
3059938 -0.0185185
3067393 -5.20417e-17
3074001 0.314159
3145548 -5.20417e-17
3186434 -5.20417e-17
3201404 -5.20417e-17
3207293 -5.20417e-17
3236161 -5.20417e-17
3261123 -5.20417e-17
3263938 -5.20417e-17
3273555 -0.153846
3280126 -0.0185185
3282377 0.25
3308357 -5.20417e-17
3319234 0.194631
3332006 -0.136364
3335522 -5.20417e-17
3386726 -5.20417e-17
3424923 -0.25
3425723 -0.25
3428367 -0.195652
3428900 -0.00515464
3437614 -0.25
3440705 -0.153846
3457103 -0.25
3461460 -0.25
3461734 -0.25
3462252 -5.20417e-17
3466794 -0.25
3467767 -0.153846
3508940 -5.20417e-17
3512236 -5.20417e-17
3525154 -0.153846
3533248 -0.153846
3542634 -0.25
3546513 -0.153846
3548761 -5.20417e-17
3680548 0.310345
3691865 0.310345
3695850 0.310345
3697894 0.047619
3702823 0.047619
3706749 0.047619
3707690 0.047619
3722610 -0.136364
3725956 0.047619
3731817 -0.226415
3735174 0.047619
3735628 0.047619
3755641 -0.136364
3769727 -0.136364
3797710 -0.136364
3797993 -0.136364
3798282 -0.136364
3799118 -0.136364
3805723 -0.136364
3906282 -0.0185185
4137562 -0.2
4140787 -0.2
4269814 0.274194
4279074 4.16334e-17
4279362 -0.25
4351048 -0.25
4351517 -0.25
4352303 -0.0526316
4368128 0.314159
4393567 -0.0185185
4395428 -0.0185185
4400489 -0.0185185
4423839 -0.0185185
4453422 -0.25
4481197 -5.20417e-17
4490574 0.25
4535723 -5.20417e-17
4545186 0.25
4567128 0.25
4582181 -5.20417e-17
4604248 4.16334e-17
4605275 4.16334e-17
4616715 -0.2
4617992 -0.2
4650659 -5.20417e-17
4658060 -5.20417e-17
4669984 -5.20417e-17
4682233 -0.2
4698698 0.25
4716313 -5.20417e-17
4735614 0.5
4755184 0.0625
4755898 -5.20417e-17
4782386 0.25
4794079 -5.20417e-17
4813177 0.5
4841694 0.25
4846486 0.25
4848235 0.25
4869885 0.25
4985050 -0.25
5001282 -0.25
5157604 -5.20417e-17
5162077 -0.25
5181553 -0.25
5192354 -0.25
5201779 -0.25
5206905 -0.25
5208792 -0.153846
5221711 -0.153846
5222384 -0.179775
5223921 -0.184211
5269848 -0.25
5270396 -0.184211
5271074 -0.25
5271522 -0.25
5276418 -0.153846
5279475 -0.153846
5283526 -0.153846
5285887 -0.153846
5323187 -0.25
5323376 -0.25
5323644 -0.184211
5325721 -0.25
5326677 -0.184211
5327822 -0.25
5349226 -0.25
5356480 -0.25
5361878 -0.280992
5363171 -0.25
5381035 -0.25
5397251 -0.184211
5480565 -5.20417e-17
5481028 -5.20417e-17
5481285 -5.20417e-17
5481765 -5.20417e-17
5486958 -5.20417e-17
5547026 -0.153846
5575791 -0.153846
5621714 -0.25
5632150 -0.25
5638444 -0.25
5714957 -0.25
5753185 -0.25
5758793 -0.25
6149022 -0.25
6824165 -5.20417e-17
19982333 -5.20417e-17
24193817 -5.20417e-17
24372154 -0.136364
25357327 0.0316901
25462356 -5.20417e-17
27082044 -5.20417e-17
27099807 -5.20417e-17
27124210 -5.20417e-17
27611613 -5.20417e-17
27762168 -5.20417e-17
27781780 -5.20417e-17
27856064 -0.153846
29745619 -5.20417e-17
29824759 -5.20417e-17
29852798 -5.20417e-17
30005876 -5.20417e-17
30023284 -5.20417e-17
30334765 -0.156417
30377957 -0.25
30537465 0.107143
30934206 -5.20417e-17
31068959 -0.153846
31119733 -0.25
31121812 -0.25
31164510 -0.25
31198107 -0.25
31220487 -0.25
31225858 -0.25
31228868 -0.25
31231117 -0.25
31233444 -0.25
31238110 -0.0795455
31243247 -0.25
31243519 -0.25
31253587 -0.0795455
31266924 -0.25
31267414 -0.25
31267726 -0.25
31300875 -0.25
31315538 -0.25
31316483 -0.25
31325092 -0.25
31325368 -0.25
31331780 -0.25
31367025 -0.25
31376773 -0.25
31377227 -0.184211
31377692 -0.25
31387839 -0.25
31395179 -0.25
31404835 -0.25
31427594 -0.184211
31433356 -0.184211
31468150 -0.25
31474898 -0.25
31478858 -0.25
31498917 -0.25
31541462 -0.25
31549981 -0.25
31550996 -0.2
31551588 -0.105769
31559128 -0.25
31565491 -0.25
31567201 -0.264368
31571676 -0.25
31584490 -0.25
31588119 -0.25
31590681 -0.25
31601400 -0.25
31602889 -0.25
31603760 -0.25
31625693 -0.25
31638732 -0.25
31639392 -0.25
31651887 -0.25
31652392 -0.25
31652630 -0.25
31658505 -0.25
31659406 -0.264368
31659716 -0.25
31663348 -0.25
31666172 -0.25
31682263 -0.25
31683947 -0.25
31686626 -0.25
31698925 -0.25
31713170 -0.25
31718798 -0.25
31720739 -0.25
31730330 -0.2
31733197 -0.25
31734626 -0.25
31756133 -0.153846
31756622 -5.20417e-17
31764881 -0.25
31769822 -0.25
31774690 -0.0795455
31777327 -0.25
31813985 -0.153846
31822052 -0.136364
31826615 -0.25
31854206 -0.153846
31873991 -0.25
31928805 -0.25
31932170 -0.264368
31934350 -0.25
31934717 -0.25
31947285 -0.25
31952690 -0.153846
31953822 -0.25
31960237 -0.25
31961902 -0.264368
31963188 -0.153846
32003952 -0.25
32020107 -0.25
32036641 -0.25
32038967 -0.153846
32042010 -0.2
32089554 -0.25
32095735 -0.136364
32150188 0.107143
32152461 -0.153846
32203496 -0.153846
32310826 -5.20417e-17
32324964 -5.20417e-17
32364847 -0.136364
32388407 -0.226415
32397451 -0.136364
32594828 -0.25
32596081 -0.25
32601717 -0.280992
32628753 -0.136364
32832462 -0.184211
32847718 -0.25
32889072 -5.20417e-17
32909426 -0.25
32911408 -0.136364
32912052 -0.25
32921463 -0.136364
32921731 -0.136364
32922250 -0.136364
32923211 -0.25
32923591 -0.25
32998023 -0.153846
33001491 0.107143
33015193 -0.0795455
33016142 0.107143
33176511 -0.136364
33208601 -0.136364
33208876 0.5
33210394 -0.226415
33212449 -5.20417e-17
33212678 -0.136364
33229042 -5.20417e-17
33244691 -0.136364
33248314 -0.136364
33290571 -5.20417e-17
33291208 -5.20417e-17
33298504 -0.0526316
33317583 -0.136364
33318788 -0.153846
33323382 -0.136364
33324978 -0.25
33343485 0.107143
33343764 -0.153846
33356842 -0.153846
33362732 -0.226415
33383968 -5.20417e-17
33388250 -0.136364
33392008 -5.20417e-17
33398163 -0.136364
33438894 -0.0526316
33444202 0.5
33453384 -5.20417e-17
33459920 -5.20417e-17
33476030 -5.20417e-17
33478193 -5.20417e-17
33484506 -5.20417e-17
33484773 -5.20417e-17
33503914 -5.20417e-17
33506193 -5.20417e-17
33536375 0.107143
33557809 0.107143
33568442 -5.20417e-17
33568875 -5.20417e-17
33608215 -5.20417e-17
33609559 -5.20417e-17
33612617 -5.20417e-17
33613063 -5.20417e-17
33629174 -5.20417e-17
33660416 -5.20417e-17
33844667 0.107143
33869069 0.107143
33869930 0.107143
33870774 0.107143
33871249 0.107143
33885608 0.107143
33887621 0.107143
33919165 0.107143
33920300 0.107143
33926353 0.107143
33935094 0.411765
33941812 0.411765
33984580 0.411765
33998134 0.411765
34006356 0.411765
34030108 0.411765
34049858 0.411765
34054092 0.411765
34112269 0.75
34225758 0.75
34272637 0.75
34377919 -0.153846
34458147 -5.20417e-17
34461135 -5.20417e-17
34565334 0.276765
34694965 0.107143
34704659 0.107143
34705563 0.107143
34706751 0.107143
34710426 0.107143
34717934 0.314159
34732908 0.314159
34745072 0.411765
34785485 0.411765
34807194 -0.25
34820421 -0.25
34820634 -0.25
34841194 0.107143
34866144 0.411765
34881505 0.314159
34889184 0.411765
34946894 0.411765
34963636 0.411765
34970044 -0.25
34993440 -0.136364
35005617 -0.136364
35036404 -0.136364
35037633 -0.136364
35040348 -0.136364
35041096 -0.136364
35046834 -0.136364
35063274 0.314159
35069626 0.411765
35072735 0.411765
35086840 -0.25
35101291 0.314159
35104279 0.411765
35120139 -0.0185185
35128398 0.25
35129446 0.25
35129803 0.107143
35157304 -0.136364
35158609 0.393939
35169809 -0.136364
35181250 -0.136364
35247222 0.25
35268525 -0.136364
35309800 0.107143
35361842 0.411765
35374668 0.107143
35423627 0.5
35467214 0.5
35478418 -5.20417e-17
35507814 0.107143
35509323 0.107143
35533047 -0.136364
35539214 0.5
35597149 0.411765
35614349 0.411765
35619498 0.411765
35634170 0.411765
35636825 0.411765
35638821 0.411765
35642143 0.411765
35643116 0.411765
35644549 0.411765
35687363 0.411765
35722019 0.75
35728351 -5.20417e-17
35773064 0.411765
35779894 0.411765
35789512 0.411765
35811621 0.411765
35812970 0.25
35816684 0.25
35832551 0.25
35878669 -5.20417e-17
35883660 -5.20417e-17
35884663 -5.20417e-17
35904850 0.5
35907158 0.5
35911860 0.5
35917535 0.5
35918226 0.5
35921493 0.5
35952349 0.4
35961486 0.5
36025982 -0.171875
36046254 -5.20417e-17
36046937 -5.20417e-17
36063169 -5.20417e-17
36086874 -5.20417e-17
36119204 0.107143
36119852 0.107143
36150115 -0.25
36150537 -5.20417e-17
36159874 -5.20417e-17
36166736 -5.20417e-17
36175324 -5.20417e-17
36254280 -0.25
36266841 -5.20417e-17
36275578 -0.25
36295514 -5.20417e-17
36295913 -5.20417e-17
36311870 -0.153846
36338646 -0.153846
36343590 -0.153846
36398530 -0.153846
36398911 -5.20417e-17
36473160 -5.20417e-17
36479027 0.411765
36515428 -5.20417e-17
36532270 -5.20417e-17
36549236 -0.25
36669892 -5.20417e-17
36675113 -0.136364
36675760 0.25
36676544 -0.136364
36695797 0.25
36701237 -0.136364
36707377 -5.20417e-17
36712170 0.194631
36731598 -0.136364
36748078 0.25
36758386 -5.20417e-17
36779409 -5.20417e-17
36794459 -5.20417e-17
36814419 -5.20417e-17
36820301 -5.20417e-17
36841215 -5.20417e-17
36904029 -0.136364
36905223 -0.136364
36917839 -0.153846
36962030 -5.20417e-17
36972839 -0.25
36974045 -0.25
36978396 -5.20417e-17
37006333 0.25
37035513 0.107143
37037065 0.107143
37039750 0.107143
37052979 -0.25
37057956 -5.20417e-17
37059445 0.107143
37059907 0.107143
37070113 0.107143
37095914 -0.25
37139944 -0.153846
37160406 -0.25
37237915 0.25
37246414 0.25
37273469 0.107143
37283165 0.107143
37289637 0.107143
37291938 0.107143
37297357 0.107143
37317508 0.107143
37328311 -0.25
37331556 -0.25
37333428 -0.25
37347763 0.107143
37361399 0.107143
37370588 -0.25
37374029 -0.136364
37376980 -0.280992
37378223 -0.25
37386857 -0.25
37390527 -0.25
37400040 -0.25
37401218 -0.25
37403178 0.107143
37405444 -0.153846
37414768 -5.20417e-17
37446350 0.411765
37450737 -5.20417e-17
37473204 -0.136364
37475739 -0.136364
37483313 -5.20417e-17
37484301 0.107143
37491072 0.107143
37501326 -0.136364
37511637 0.107143
37527633 -0.136364
37534567 -0.25
37538008 -0.25
37550193 -0.25
37563155 -0.25
37565856 -0.25
37595926 0.107143
37596768 0.411765
37612638 -0.25
37641501 -0.25
37666831 -0.25
37682000 -0.136364
37687202 -0.136364
37696048 -0.136364
37696537 -0.136364
37699648 -0.136364
37716147 0.411765
37716401 -0.136364
37744721 -0.136364
37749979 -0.136364
37751456 -0.136364
37752908 -0.136364
37755695 0.107143
37756545 -0.136364
37759515 -0.136364
37759854 -0.136364
37770680 -0.136364
37770930 -0.136364
37771670 -0.136364
37787048 -0.136364
37798451 -0.136364
37800733 -0.136364
37802934 -0.136364
37809679 0.107143
37815232 -0.136364
37839041 -0.136364
37862490 -0.136364
37865331 -0.136364
37867005 -0.136364
37882533 -0.136364
37882707 -0.136364
37885807 -0.136364
37900941 0.107143
37913959 -0.136364
37919942 -5.20417e-17
37922776 -0.136364
37923280 -5.20417e-17
37940835 0.25
37960128 0.411765
37987089 -5.20417e-17
37989147 -5.20417e-17
37993127 -5.20417e-17
38007790 -5.20417e-17
38025158 0.25
38030312 0.25
38033004 0.25
38035040 0.5
38038175 0.411765
38059106 0.25
38059310 0.25
38065203 0.25
38072096 0.25
38099881 0.25
38104922 0.5
38124189 0.75
38130123 0.25
38131885 0.5
38138511 0.5
38150287 0.25
38154008 -5.20417e-17
38157137 0.25
38170400 0.25
38180969 -5.20417e-17
38183286 0.25
38184548 0.25
38192402 -5.20417e-17
38200138 -5.20417e-17
38202363 -5.20417e-17
38202607 -5.20417e-17
38205428 -5.20417e-17
38206448 -5.20417e-17
38213180 -5.20417e-17
38214199 -5.20417e-17
38218558 -0.136364
38225760 -5.20417e-17
38229548 -5.20417e-17
38235380 -5.20417e-17
38245341 -5.20417e-17
38250489 -5.20417e-17
38254311 -5.20417e-17
38263173 -5.20417e-17
38273815 -5.20417e-17
38280990 -0.136364
38296536 -0.136364
38301706 -5.20417e-17
38305385 -5.20417e-17
38313996 -5.20417e-17
38316499 -5.20417e-17
38326967 -5.20417e-17
38364001 -5.20417e-17
38388893 -5.20417e-17
38389814 -5.20417e-17
38411172 -5.20417e-17
38414533 -5.20417e-17
38418875 -5.20417e-17
38419889 -0.25
38420785 -5.20417e-17
38429615 -5.20417e-17
38433906 -5.20417e-17
38472343 -5.20417e-17
38545959 -5.20417e-17
38573403 -5.20417e-17
38589238 -5.20417e-17
38589424 -5.20417e-17
38590811 -5.20417e-17
38597425 -5.20417e-17
38598486 -5.20417e-17
38600357 -5.20417e-17
38679910 -5.20417e-17
38688858 -5.20417e-17
38689860 -5.20417e-17
38691715 -5.20417e-17
38700130 -0.153846
38722617 -5.20417e-17
38733798 0.166667
38734757 -5.20417e-17
38738345 0.25
38741788 0.25
38744078 -5.20417e-17
38746909 -5.20417e-17
38747885 -5.20417e-17
38752896 -5.20417e-17
38755487 -5.20417e-17
38786167 0.25
38787601 0.25
38796264 0.25
38798176 0.25
38802464 0.25
38805184 0.25
38856557 0.25
38868670 0.25
38878809 0.25
38881970 -5.20417e-17
38882551 -5.20417e-17
38886805 -5.20417e-17
38890959 -0.153846
38892093 -5.20417e-17
38918842 -5.20417e-17
38920939 0.25
38921185 0.25
38923343 0.25
38923526 0.25
38925844 0.5
38932159 -5.20417e-17
38932499 0.25
38936494 0.25
38940662 0.5
38943214 0.5
38945499 -5.20417e-17
38947869 -5.20417e-17
38949303 -5.20417e-17
38952252 -5.20417e-17
38956235 -5.20417e-17
38956418 0.25
38956599 -5.20417e-17
38961342 -5.20417e-17
38966298 0.25
38983049 -5.20417e-17
38985166 -5.20417e-17
38988175 0.5
38993543 0.107143
39008584 0.411765
39019115 0.411765
39022516 0.107143
39026452 -5.20417e-17
39031520 -5.20417e-17
39032048 -5.20417e-17
39039063 0.411765
39040173 0.411765
39040956 -5.20417e-17
39041176 0.411765
39041374 0.411765
39041805 0.411765
39042581 0.411765
39051518 -5.20417e-17
39056898 -5.20417e-17
39059789 -5.20417e-17
39061232 -5.20417e-17
39064034 -0.136364
39065273 -0.136364
39067209 -0.136364
39072290 0.107143
39074539 -0.136364
39076749 -5.20417e-17
39082116 -0.136364
39082579 -5.20417e-17
39083827 0.411765
39084491 -0.136364
39087702 -5.20417e-17
39097082 -5.20417e-17
39098978 -5.20417e-17
39126164 -5.20417e-17
39126518 -5.20417e-17
39128581 -5.20417e-17
39131294 -5.20417e-17
39141972 -5.20417e-17
39146146 -5.20417e-17
39149421 -5.20417e-17
39151875 0.107143
39153520 0.107143
39155535 0.0625
39158567 0.411765
39163114 0.25
39168144 0.25
39180659 0.25
39187571 0.107143
39196250 0.25
39203279 0.25
39224558 -0.136364
39238409 0.25
39242165 0.25
39242760 0.25
39247507 0.25
39248528 0.25
39257857 0.25
39263714 0.25
39266651 0.25
39271942 0.107143
39276357 0.25
39287307 -0.25
39290940 0.25
39292769 -0.25
39297588 -5.20417e-17
39298301 0.25
39304482 -5.20417e-17
39306029 -5.20417e-17
39324856 0.25
39325064 0.25
39325588 0.25
39343291 -5.20417e-17
39357659 -0.25
39360611 -0.25
39368625 0.107143
39379113 0.25
39380749 0.25
39384949 -5.20417e-17
39393484 0.0625
39396012 0.25
39402903 0.25
39418662 0.5
39418981 0.5
39419467 0.5
39425882 -5.20417e-17
39435793 -5.20417e-17
39445360 -5.20417e-17
39446615 -0.25
39456794 -5.20417e-17
39471193 -5.20417e-17
39473292 0.25
39473780 0.25
39489755 0.25
39491452 0.25
39495869 0.25
39497187 0.25
39506856 -5.20417e-17
39513542 -5.20417e-17
39513987 -5.20417e-17
39514834 -5.20417e-17
39523429 -5.20417e-17
39525334 -5.20417e-17
39538289 -5.20417e-17
39546900 -5.20417e-17
39554094 -5.20417e-17
39557769 -5.20417e-17
39561735 0.25
39564889 -5.20417e-17
39571365 -5.20417e-17
39609044 0.25
39619164 0.25
39622330 0.25
39629926 0.25
39634157 0.25
39644694 0.25
39645032 0.25
39651622 0.25
39659973 0.25
39660738 0.25
39671418 0.25
39696120 0.274194
39706368 0.047619
39717333 0.25
39724172 0.411765
39759837 0.25
39776162 0.25
39778702 0.25
39789644 0.25
39791394 -5.20417e-17
39802393 0.25
39809905 0.5
39811047 0.25
39815669 -5.20417e-17
39821466 0.25
39830296 0.25
39838387 0.25
39845334 0.25
39855978 0.25
39857730 0.25
39860357 0.25
39865362 0.25
39865972 0.25
39867705 0.25
39886822 -5.20417e-17
39905033 0.25
39907435 -0.387755
39911562 0.5
39920848 0.25
39921100 -5.20417e-17
39923402 -5.20417e-17
39928862 -5.20417e-17
39958975 -5.20417e-17
39998818 -5.20417e-17
40000606 -5.20417e-17
40003134 0.25
40003933 0.25
40035202 -5.20417e-17
40037783 0.25
40040158 0.25
40052165 0.25
40093324 -0.226415
40095192 -0.136364
40120746 -0.136364
40129082 -0.136364
40137322 -0.136364
40142108 -0.136364
40143166 -0.136364
40143397 -0.136364
40148816 -0.136364
40169837 -0.136364
40170977 0.107143
40172533 -5.20417e-17
40193010 0.411765
40290412 -0.136364
40295160 -0.136364
40295481 -0.136364
40302839 -0.136364
40303146 -0.136364
40307344 -0.136364
40321058 0.25
40323789 0.411765
40327284 0.411765
40327559 0.25
40344471 -5.20417e-17
40345153 -5.20417e-17
40352046 -5.20417e-17
40415432 -5.20417e-17
40481751 -5.20417e-17
40498605 -5.20417e-17
40502591 -5.20417e-17
40505085 -5.20417e-17
40548067 -5.20417e-17
40550458 -5.20417e-17
40550682 -5.20417e-17
40566203 -5.20417e-17
40568371 -5.20417e-17
40587115 -5.20417e-17
40608686 -5.20417e-17
40621241 -0.153846
40623107 -5.20417e-17
40623648 -5.20417e-17
40625750 -5.20417e-17
40626025 -5.20417e-17
40633281 -5.20417e-17
40634092 -5.20417e-17
40636988 -5.20417e-17
40645048 -5.20417e-17
40645447 -5.20417e-17
40653694 -5.20417e-17
40695722 -5.20417e-17
40696165 -5.20417e-17
40750218 -5.20417e-17
40755055 -5.20417e-17
40772548 0.411765
40797587 0.107143
40798583 0.594595
40800526 -5.20417e-17
40802261 -5.20417e-17
40809487 0.411765
40813158 0.171067
40823193 -5.20417e-17
40836021 0.151786
40836201 -5.20417e-17
40837665 -5.20417e-17
40839944 -5.20417e-17
40840972 -5.20417e-17
40841422 -5.20417e-17
40842801 -5.20417e-17
40892245 -5.20417e-17
40916521 0.411765
40934088 0.411765
40946970 -5.20417e-17
40952266 -5.20417e-17
40974254 0.411765
40983930 0.107143
40986847 -5.20417e-17
40989234 0.107143
40994783 0.107143
41001342 0.107143
41004602 -5.20417e-17
41007475 -0.1
41013428 0.107143
41014540 -0.00515464
41022174 -5.20417e-17
41029943 -5.20417e-17
41033156 -5.20417e-17
41035158 -5.20417e-17
41042323 0.107143
41053177 -5.20417e-17
41064509 -0.166667
41075707 0.107143
41096032 -5.20417e-17
41097874 -5.20417e-17
41114084 -5.20417e-17
41121028 -5.20417e-17
41138072 -5.20417e-17
41139172 -5.20417e-17
41141114 -5.20417e-17
41143185 -5.20417e-17
41148790 -5.20417e-17
41150106 -5.20417e-17
41152741 -5.20417e-17
41157219 -5.20417e-17
41158854 -5.20417e-17
41162758 -5.20417e-17
41164972 -5.20417e-17
41170338 -5.20417e-17
41170755 -5.20417e-17
41175857 0.25
41176097 0.25
41184681 -5.20417e-17
41198246 -5.20417e-17
41244666 -5.20417e-17
41256594 -5.20417e-17
41257584 -5.20417e-17
41258624 -5.20417e-17
41265253 -5.20417e-17
41265877 -5.20417e-17
41266364 -5.20417e-17
41266895 -5.20417e-17
41267120 -5.20417e-17
41270007 0.0625
41271983 -5.20417e-17
41278004 -5.20417e-17
41278952 -5.20417e-17
41280407 -5.20417e-17
41291130 -5.20417e-17
41294649 -5.20417e-17
41309125 0.411765
41327670 -5.20417e-17
41352910 0.107143
41354391 -0.136364
41387548 0.411765
41398449 0.411765
41415712 0.25
41440994 -5.20417e-17
41451145 -5.20417e-17
41482035 -0.00515464
41484954 0.107143
41485616 0.107143
41505587 -5.20417e-17
41524771 -5.20417e-17
41534546 -5.20417e-17
41540032 -5.20417e-17
41543632 -5.20417e-17
41550014 -5.20417e-17
41560165 -5.20417e-17
41571382 0.25
41593456 0.25
41598296 0.25
41598988 0.25
41610737 0.25
41611767 0.25
41612159 0.25
41613233 0.25
41619628 0.25
41641184 0.25
41674471 -0.25
41705075 0.25
41712419 0.25
41714219 0.25
41716968 -5.20417e-17
41754397 -5.20417e-17
41780982 -5.20417e-17
41807117 -5.20417e-17
41831154 -5.20417e-17
41854786 -5.20417e-17
41855235 -5.20417e-17
41883826 -5.20417e-17
41897022 -5.20417e-17
41912622 -5.20417e-17
41916281 -5.20417e-17
41919388 -5.20417e-17
41925052 -5.20417e-17
