281645 4.16334e-17
283533 4.16334e-17
378633 -0.153846
382080 -0.153846
401923 -0.153846
409034 -0.153846
429656 -0.153846
432637 -0.153846
439444 -0.153846
452504 -0.153846
470982 -0.153846
471895 -0.153846
477326 -0.153846
510643 -0.153846
512411 -0.153846
554257 -0.153846
901990 -5.20417e-17
955846 -5.20417e-17
964146 -5.20417e-17
1006995 -0.136364
1011973 -0.136364
1013994 -0.136364
1059707 -0.25
1097741 -0.25
1107228 -0.25
1234293 -0.25
1237296 -0.25
1247422 -1.12757e-16
1270186 -5.20417e-17
1273914 -0.136364
1276908 -0.25
1301020 -5.20417e-17
1302531 -5.20417e-17
1308879 -5.20417e-17
1309778 -5.20417e-17
1337697 -0.25
1339744 -0.25
1344360 -0.264368
1350243 -0.25
1373443 -0.25
1379494 -0.25
1384749 -0.25
1402999 -5.20417e-17
1419229 -0.2
1423756 -5.20417e-17
1475349 -0.25
1482285 -0.25
1483918 -0.25
1486712 -5.20417e-17
1490607 -0.25
1498823 -0.25
1508766 -5.20417e-17
1521991 -0.136364
1528791 -1.12757e-16
1533882 -0.25
1541093 -0.25
1549921 -0.25
1553130 -0.25
1556076 -0.136364
1580127 -0.25
1600224 -0.25
1608091 -5.20417e-17
1616784 -5.20417e-17
1619075 -5.20417e-17
1653600 -0.25
1675532 -5.20417e-17
1722193 -5.20417e-17
1745945 -0.25
1756948 -0.25
1786647 -5.20417e-17
1866808 -0.25
1878694 -0.25
1881454 -5.20417e-17
1887609 -0.25
1902673 -0.25
1905368 -5.20417e-17
1936927 -5.20417e-17
2010584 -5.20417e-17
2038467 0.25
2042156 0.25
2059401 -5.20417e-17
2065014 -0.136364
2102513 -5.20417e-17
2126801 -5.20417e-17
2183554 -5.20417e-17
2194371 0.25
2195303 -5.20417e-17
2211215 -5.20417e-17
2223451 -5.20417e-17
2230781 0.25
2246694 -5.20417e-17
2274638 0.25
2279828 0.25
2287938 -5.20417e-17
2296433 0.25
2355288 -0.25
2364655 -1.12757e-16
2378119 -5.20417e-17
2525149 -0.25
2555747 0.107143
2580590 0.107143
2601764 0.107143
2605265 -0.136364
2610178 -0.136364
2611571 -0.136364
2614460 -0.136364
2617317 -0.136364
2626192 0.107143
2635762 -0.136364
2691624 -0.136364
2705392 -0.136364
2724688 -0.136364
2755143 -5.20417e-17
2763102 -0.136364
2790162 -5.20417e-17
2791752 -5.20417e-17
2796266 -5.20417e-17
2812412 -5.20417e-17
2825569 -0.136364
2829751 -0.136364
2915019 -0.25
2944680 -0.25
3031424 -0.136364
3033126 -0.136364
3038334 -0.136364
3051719 -0.136364
3071924 -5.20417e-17
3080035 0.107143
3137444 -0.25
3160446 -0.136364
3162076 -0.136364
3176824 0.107143
3178447 -0.0185185
3237203 -5.20417e-17
3281308 -5.20417e-17
3290574 -0.136364
3296361 -0.136364
3300420 -0.136364
3312803 0.107143
3313958 -0.195652
3315586 -0.136364
3320292 -0.136364
3323142 -0.136364
3336772 -0.136364
3342559 -0.136364
3345138 -0.136364
3375794 -0.136364
3378315 -0.136364
3382442 -0.136364
3387651 -0.136364
3404910 -0.136364
3415315 -0.195652
3427220 -0.136364
3458900 -0.136364
3524524 -5.20417e-17
3530881 -5.20417e-17
3548683 -5.20417e-17
3571972 -5.20417e-17
3579099 -5.20417e-17
3581262 -5.20417e-17
3582745 -5.20417e-17
3585591 -5.20417e-17
3589812 -5.20417e-17
3593529 -5.20417e-17
3595146 -5.20417e-17
3597388 0.0625
3605511 -5.20417e-17
3608479 -5.20417e-17
3621743 -5.20417e-17
3632583 -5.20417e-17
3649944 -5.20417e-17
3655869 -5.20417e-17
3685509 -5.20417e-17
3687367 -5.20417e-17
3689171 -5.20417e-17
3694704 -5.20417e-17
3698664 -5.20417e-17
3734020 -5.20417e-17
3735682 -5.20417e-17
3766042 -5.20417e-17
3767728 -5.20417e-17
3783569 -0.25
3788872 -0.25
3791530 -0.25
3801245 -5.20417e-17
3804490 -0.25
3815743 -0.25
3829800 -0.25
3836502 -0.25
3853942 -0.25
3859993 -0.25
3861711 -0.25
3863726 -0.25
3875155 -5.20417e-17
3917724 -5.20417e-17
3926357 -0.25
3932050 -5.20417e-17
3947231 -5.20417e-17
3956145 -5.20417e-17
3986233 -5.20417e-17
4015639 -0.25
4023442 -0.136364
4030428 -0.136364
4034488 -0.136364
4036276 -0.136364
4040493 -0.136364
4042298 -0.136364
4062705 -0.136364
4067425 -0.136364
4070365 -0.136364
4075049 -0.136364
4078329 -0.25
4093842 -0.136364
4101961 -0.136364
4105666 -0.136364
4111294 0.107143
4112838 0.107143
4117729 -0.136364
4129901 0.107143
4136807 0.107143
4140959 0.107143
4142416 -0.136364
4164360 -5.20417e-17
4166554 -0.226415
4208905 -5.20417e-17
4217710 -0.136364
4230585 -0.136364
4235320 -0.136364
4241138 -0.25
4286525 -0.25
4297976 -0.25
4306329 -0.254603
4312808 -0.242089
4336306 -0.136364
4346447 -5.20417e-17
4360884 -5.20417e-17
4374694 -0.136364
4432428 -5.20417e-17
4459620 -5.20417e-17
4464958 -5.20417e-17
4467252 -5.20417e-17
4473179 -5.20417e-17
4480272 -5.20417e-17
4482461 -5.20417e-17
4496361 -5.20417e-17
4510338 -5.20417e-17
4536567 -5.20417e-17
4537674 -0.136364
4539492 -0.25
4540937 -0.136364
4600480 -0.25
4604586 -0.25
4617792 -5.20417e-17
4639482 -5.20417e-17
4656361 -5.20417e-17
4657790 -5.20417e-17
4664561 -5.20417e-17
4676326 -5.20417e-17
4681959 -5.20417e-17
4684460 -5.20417e-17
4716654 -0.136364
4742194 -0.184211
4748809 -0.25
4762149 -0.25
4773298 -0.136364
4781005 -0.136364
4789563 -0.136364
4798023 -0.136364
4799896 -0.136364
4857737 -5.20417e-17
4862397 -5.20417e-17
4863611 -5.20417e-17
4865275 -5.20417e-17
4888243 -5.20417e-17
4934180 -5.20417e-17
4937188 -5.20417e-17
4948161 -5.20417e-17
4955131 -5.20417e-17
4965066 -5.20417e-17
4976569 -5.20417e-17
4978353 -5.20417e-17
4993000 -5.20417e-17
4997757 -5.20417e-17
5013686 0.107143
5066554 -5.20417e-17
5132918 -0.25
5137766 -0.136364
5149033 -0.136364
5166143 -0.136364
5181297 -0.136364
5200744 -0.25
5203935 -0.136364
5206197 -0.25
5207243 -0.25
5215085 -0.25
5219984 -0.25
5222865 -0.25
5224516 -0.25
5251363 -0.136364
5252546 -0.136364
5261279 -0.136364
5265412 -0.25
5286729 -5.20417e-17
5313416 -0.136364
5434257 -0.25
5466375 -0.136364
5568956 -0.136364
5611496 -0.25
5647261 -0.25
5729824 0.107143
5790654 0.107143
5901905 -0.25
5949964 -0.25
5987459 -0.25
6052262 -0.25
6106278 -0.25
6150550 -0.25
6193699 -0.25
6241916 -0.25
6285536 -0.25
6389953 -0.25
6428467 -0.25
6512082 -0.25
6613885 -0.25
6637139 -0.25
6708220 -5.20417e-17
6738583 -5.20417e-17
6767604 -5.20417e-17
6849198 -5.20417e-17
6917089 -5.20417e-17
6994835 -5.20417e-17
7167156 -0.25
7243107 -0.25
7536147 -5.20417e-17
7627267 -5.20417e-17
7657957 -5.20417e-17
8533425 0.5
8720452 -0.25
8768272 -0.25
8797083 -0.25
8839942 -0.25
8869123 -0.25
9219416 -5.20417e-17
9256932 -5.20417e-17
9284428 -5.20417e-17
9313902 -5.20417e-17
9354998 -5.20417e-17
9410680 -5.20417e-17
9532415 -5.20417e-17
9679501 -5.20417e-17
9707810 -5.20417e-17
9736511 -5.20417e-17
9822309 -5.20417e-17
9893154 -5.20417e-17
9976662 -5.20417e-17
10015821 -5.20417e-17
10064358 -5.20417e-17
10100934 -5.20417e-17
10123413 -5.20417e-17
10226830 -5.20417e-17
10286784 -5.20417e-17
10323008 -5.20417e-17
10565577 -5.20417e-17
10689836 -5.20417e-17
10741865 -5.20417e-17
10781745 -5.20417e-17
10813099 -5.20417e-17
10839867 -5.20417e-17
13365532 0.25
20305604 -5.20417e-17
20384801 -5.20417e-17
20440348 -0.153846
20892406 -5.20417e-17
22123142 -5.20417e-17
23246736 -0.136364
25626349 -0.136364
27098957 -5.20417e-17
27230466 -5.20417e-17
27319719 -5.20417e-17
27562614 -5.20417e-17
27641493 -5.20417e-17
27781076 -5.20417e-17
28041072 -5.20417e-17
28154191 -5.20417e-17
28402659 -5.20417e-17
28477581 -0.0526316
28567716 -5.20417e-17
28817299 -5.20417e-17
28841188 -5.20417e-17
28982389 -5.20417e-17
29141519 -5.20417e-17
29205531 -5.20417e-17
29238153 -5.20417e-17
29270116 -5.20417e-17
29470510 -5.20417e-17
29502546 -5.20417e-17
29550337 -5.20417e-17
29852273 -5.20417e-17
29945598 -5.20417e-17
30066989 -5.20417e-17
30258610 -5.20417e-17
30401332 -5.20417e-17
30530043 -5.20417e-17
30575401 -0.153846
31278484 -5.20417e-17
31367193 -5.20417e-17
31480079 -5.20417e-17
31735859 -5.20417e-17
31804544 -5.20417e-17
31855504 -5.20417e-17
31899713 -5.20417e-17
31963232 -5.20417e-17
32009623 -5.20417e-17
32182609 -5.20417e-17
32308595 -5.20417e-17
32474967 0.166667
32744066 -5.20417e-17
32803083 -5.20417e-17
32907963 -5.20417e-17
33203133 0.25
33366518 -5.20417e-17
33441397 -5.20417e-17
33557981 -5.20417e-17
33629363 -5.20417e-17
33652273 -5.20417e-17
33747039 -5.20417e-17
33791555 -5.20417e-17
33840560 -5.20417e-17
33861185 -5.20417e-17
33888966 -5.20417e-17
33980947 -5.20417e-17
34050470 -5.20417e-17
34143512 -5.20417e-17
34197502 -5.20417e-17
35249061 -5.20417e-17
35374527 -5.20417e-17
37086198 -5.20417e-17
40092915 -5.20417e-17
40173679 -0.25
40218622 -0.25
40261579 -0.25
40288008 -0.25
40317959 -0.25
40359069 -0.25
40383855 -0.184211
40427922 -0.25
40449654 -0.25
40482690 -0.25
40584802 -0.25
40615333 -0.25
40652161 -0.184211
40775244 -0.25
40878607 -0.25
40910831 -0.25
40936653 -0.25
40964222 -0.25
41020729 -0.25
41068135 -0.25
41099473 -0.25
41141330 -0.25
41176370 -0.280992
41586720 -0.25
41828455 -0.25
41908385 -0.25
41969316 -0.25
42013575 -0.156417
42255290 -0.25
42292513 -0.25
42372540 -0.25
42417680 -0.0795455
42448605 -0.25
42469258 -0.25
42606583 -0.25
42838494 -0.25
42996883 -0.25
43043525 -0.25
43073364 -0.25
43128583 -0.136364
43166682 -0.136364
43193982 -0.136364
43219027 -0.136364
43313817 -0.136364
43384073 -0.136364
43411717 -0.136364
43438850 -0.136364
43470524 -0.136364
43509234 -0.136364
43546615 -0.136364
43694104 -0.136364
43812689 -0.136364
43851078 -0.136364
43931909 -0.25
43971846 -0.25
44006187 -5.20417e-17
44086839 -0.226415
44117573 -0.136364
44210028 -0.136364
44243447 -0.136364
44276483 -0.136364
44297292 -0.136364
44323825 -0.136364
44405328 -0.136364
44442390 4.16334e-17
44486013 -0.136364
44633514 -0.136364
44673660 -0.136364
44723768 -0.136364
44860334 -0.136364
44896742 -0.136364
44937500 -0.136364
44965732 -0.136364
45006011 -0.136364
45056798 -0.136364
45082898 -0.136364
45169738 -0.136364
45198324 -0.136364
45235552 -0.136364
45269288 -5.20417e-17
45309459 -5.20417e-17
45347268 -5.20417e-17
45535684 -5.20417e-17
45577562 -5.20417e-17
45626060 -5.20417e-17
45661398 -0.25
45706109 -0.136364
45728502 -5.20417e-17
45754481 -5.20417e-17
45893563 -0.25
45935654 -5.20417e-17
45965901 -5.20417e-17
46036919 -0.136364
46103306 -5.20417e-17
46125766 -5.20417e-17
46166859 -5.20417e-17
46542618 -0.25
46610204 -0.25
46662438 -0.25
46851639 -0.25
47245656 -5.20417e-17
47343692 -0.25
47417553 -0.25
47422654 -0.25
47428124 -0.25
47434861 -0.25
47462126 -0.25
47476910 -0.25
47481216 -0.25
47492612 -5.20417e-17
47495955 -0.25
47503665 -0.25
47516500 -0.25
47548257 -0.25
47549333 -0.25
47574690 -5.20417e-17
47641758 -0.25
47643080 -0.25
47679835 -5.20417e-17
47709406 -5.20417e-17
47717883 -5.20417e-17
47732679 -5.20417e-17
47767757 -5.20417e-17
47899030 -0.136364
47904255 -0.136364
47919309 -0.136364
47923081 -5.20417e-17
47928978 -0.136364
47930513 -0.136364
47937245 -0.136364
47940391 -0.25
47942128 -0.136364
47949955 -5.20417e-17
47951740 -5.20417e-17
47953183 -0.136364
47964516 -5.20417e-17
47986978 -5.20417e-17
47989662 -0.136364
47990887 -0.136364
48003666 -0.136364
48004686 -0.136364
48006295 -0.136364
48040514 -0.136364
48078170 -0.136364
48105796 -0.25
48113694 -0.25
48115128 -0.25
48118228 -0.25
48121022 -0.25
48122318 -5.20417e-17
48123227 -0.25
48135067 -5.20417e-17
48171267 -0.136364
48185204 0.107143
48202617 -5.20417e-17
48203810 -5.20417e-17
48214169 -5.20417e-17
48216978 -5.20417e-17
48220485 -5.20417e-17
48223770 -5.20417e-17
48227312 -5.20417e-17
48268947 -1.12757e-16
48366292 -5.20417e-17
48374862 -0.25
48379472 -0.25
48415073 -0.25
48419228 -0.25
48476100 -0.153846
48593077 -0.136364
48609048 -0.136364
48761529 -5.20417e-17
48780039 -5.20417e-17
48817017 -0.195652
48834329 -5.20417e-17
48835387 -5.20417e-17
48843821 -0.25
48850762 -5.20417e-17
48856422 -0.153846
48859333 -5.20417e-17
48867791 -5.20417e-17
48870524 -5.20417e-17
48871478 -5.20417e-17
48877939 -5.20417e-17
48880666 -5.20417e-17
48927359 0.25
48929070 0.25
48930647 0.194631
48932018 0.25
48941374 0.25
48945063 0.25
48960694 0.25
48961982 0.25
48964724 0.25
48970081 0.25
48976203 0.25
48983842 0.25
48991214 -1.12757e-16
48994432 -5.20417e-17
49028585 0.25
49046949 -0.153846
49049344 -0.136364
49051009 -0.25
49054762 -0.25
49055756 -0.25
49058129 -0.25
49059190 -0.25
49060467 -0.25
49061531 -0.25
49065313 -5.20417e-17
49073795 -5.20417e-17
49074764 -5.20417e-17
49079144 -5.20417e-17
49094735 -5.20417e-17
49095861 -5.20417e-17
49097595 -5.20417e-17
49100734 -5.20417e-17
49131184 -5.20417e-17
49142360 -5.20417e-17
49148068 -5.20417e-17
49178630 -0.136364
49180782 -0.136364
49186164 0.107143
49196486 -5.20417e-17
49201325 -5.20417e-17
49210094 -5.20417e-17
49242529 -5.20417e-17
49298272 -0.197917
49299765 -0.0185185
49313817 -0.153846
49349101 -0.153846
49370195 -0.153846
49371559 -0.197917
49381645 -0.197917
49394831 -0.153846
49400361 -0.264368
49405022 -0.153846
49406876 -0.153846
49414213 -0.153846
49445573 -0.153846
49474051 -0.153846
49476807 -0.153846
49477693 -0.153846
49497388 -0.153846
49499867 -0.153846
49561866 -0.264368
49562807 -0.264368
49564591 -0.153846
49565522 -0.264368
49603884 -0.25
49605261 -0.25
49607164 -0.25
49610766 -0.25
49612870 -0.153846
49620773 -0.25
49638826 -0.25
49741168 -0.25
49757231 -0.25
49767430 -0.25
49910518 -0.25
49946843 -0.25
49953772 -0.136364
49964556 -0.136364
49993016 -5.20417e-17
50078206 -5.20417e-17
50098955 -5.20417e-17
50102969 -5.20417e-17
50142504 -5.20417e-17
50145148 -5.20417e-17
50158961 -5.20417e-17
50161979 -5.20417e-17
50164447 -5.20417e-17
50171910 -5.20417e-17
50199056 0.0625
50206347 -5.20417e-17
50207464 -5.20417e-17
50215932 -5.20417e-17
50222028 -5.20417e-17
50225358 -5.20417e-17
50232374 -5.20417e-17
50250951 -5.20417e-17
50268147 -5.20417e-17
50269341 -5.20417e-17
50275355 -5.20417e-17
50277979 -5.20417e-17
50287274 -5.20417e-17
50289949 -5.20417e-17
50295635 -5.20417e-17
50298348 -5.20417e-17
50299407 -5.20417e-17
50301137 -5.20417e-17
50314134 -5.20417e-17
50323278 -5.20417e-17
50329494 -5.20417e-17
50331027 -5.20417e-17
50370380 -5.20417e-17
50382301 -5.20417e-17
50383428 -5.20417e-17
50387658 -5.20417e-17
50391496 -5.20417e-17
50425311 -5.20417e-17
50440356 -5.20417e-17
50451035 -5.20417e-17
50455130 -5.20417e-17
50464370 -5.20417e-17
50487009 -5.20417e-17
50504115 -5.20417e-17
50510585 -5.20417e-17
50513425 -0.184211
50519169 -5.20417e-17
50521939 -5.20417e-17
50531224 -5.20417e-17
50545995 -0.25
50563271 -0.25
50572171 -0.25
50576284 -5.20417e-17
50589558 -0.25
50598634 -5.20417e-17
50601409 -0.25
50610980 -5.20417e-17
50630943 -5.20417e-17
50654766 -0.25
50673074 -5.20417e-17
50691395 -5.20417e-17
50699022 -5.20417e-17
50700924 -0.25
50725197 -5.20417e-17
50732887 -5.20417e-17
50740925 -5.20417e-17
50797061 0.25
50843782 -0.195652
50861576 -0.136364
50871946 -0.136364
50892969 -0.136364
50919957 -0.136364
50954538 -0.136364
50982643 -0.136364
51006906 -0.136364
51013843 -0.136364
51049621 -0.136364
51054691 -0.136364
51057198 -0.136364
51062921 -0.136364
51076574 -0.136364
51087595 -0.136364
51101816 -0.136364
51122319 -0.264368
51133405 -0.153846
51147675 0.107143
51151358 0.107143
51173340 -0.136364
51203252 -0.136364
51207814 -0.136364
51215554 -0.136364
51224777 -5.20417e-17
51269542 -5.20417e-17
51277810 -5.20417e-17
51309036 -5.20417e-17
51392814 0.047619
51408405 0.25
51411738 0.047619
51492159 0.047619
51496560 0.107143
51505243 0.107143
51530195 0.107143
51533430 0.107143
51550517 0.107143
51558983 0.107143
51564203 0.107143
51589803 0.107143
51612186 0.107143
51619343 0.107143
51629974 0.107143
51640001 0.107143
51665711 -5.20417e-17
51691145 -5.20417e-17
51717031 0.107143
51740520 0.107143
51742141 0.107143
51752899 0.107143
51774753 0.107143
51775991 0.107143
51814000 0.107143
51818840 -0.0185185
51831198 -0.25
51919326 0.107143
51921479 0.107143
52187543 -0.195652
52203006 -0.25
52213692 -0.184211
52216987 -0.25
52239898 -0.184211
52255460 -0.184211
52257240 -0.184211
52264113 -0.184211
52279146 -0.184211
52286178 -0.184211
52289295 -0.136364
52303767 -0.184211
52331027 -0.184211
52335362 -0.184211
52348205 -0.184211
52354729 -0.184211
52378237 -0.184211
52380228 -0.184211
52515226 -0.184211
52516801 -0.184211
52522239 -0.184211
52523807 -0.184211
52527335 -0.184211
52529357 -0.136364
52546368 -0.184211
52563338 -0.184211
52577562 -0.184211
52606268 -0.25
52709897 -5.20417e-17
52718978 -5.20417e-17
52725030 -5.20417e-17
52777403 -5.20417e-17
52833754 -0.0185185
52844384 -0.0185185
52847627 -0.153846
52989334 -0.2
52995118 -0.195652
53041644 -0.0185185
53065797 -0.0185185
53067596 0.274194
53074367 -0.0526316
53076452 0.274194
53124211 0.274194
53136582 0.274194
53141084 0.274194
53151056 0.274194
53221788 -1.12757e-16
53420461 -0.25
53425171 -0.153846
53427474 -0.25
53436407 -0.25
53455419 0.4
53471377 0.107143
53472972 0.107143
53518575 0.107143
53521245 0.274194
53527381 0.274194
53551848 0.274194
53554871 0.274194
53584068 0.274194
53585708 0.274194
53595299 0.274194
53602631 0.107143
53623512 0.274194
53628534 0.274194
53700697 -0.136364
53706792 -0.136364
53717789 4.16334e-17
53719356 4.16334e-17
53721269 4.16334e-17
53726509 4.16334e-17
53732075 4.16334e-17
53738746 4.16334e-17
53741276 4.16334e-17
53748565 -0.0185185
53771650 -0.0185185
53772821 0.107143
53780960 -0.0185185
53786562 -0.0185185
54014967 0.25
54122499 -0.136364
54124995 -0.136364
54127023 -0.136364
54130810 -0.136364
54144811 -0.136364
54163451 -0.136364
54250600 -5.20417e-17
54444658 -0.25
54479210 0.25
54503901 0.107143
54506508 0.107143
54507724 0.107143
54516056 0.107143
54531238 0.107143
54584027 0.107143
54621259 0.107143
54637046 0.107143
54647796 -0.0185185
54681333 0.107143
54685406 0.5
54698255 0.5
54716878 0.25
54741695 0.25
54747611 0.25
54752518 0.25
54761561 0.25
54771092 0.25
54776105 0.25
54809451 0.107143
54813102 0.107143
54822890 0.25
54839198 0.107143
54850354 0.25
54890092 0.25
54891154 0.25
54894491 0.25
54896236 0.25
54902036 0.25
54913050 0.107143
54922266 0.25
54932789 0.107143
54933861 0.107143
54944509 0.107143
54979963 -0.153846
54984547 -0.153846
54985511 -0.153846
54995177 -0.136364
54999659 -0.0526316
55004097 -0.136364
55031991 -0.136364
55042294 -0.136364
55064661 -5.20417e-17
55079646 -0.136364
55086518 -0.136364
55121163 -0.136364
55123123 -0.136364
55129174 -0.136364
55131693 -0.136364
55149766 -0.136364
55150806 -0.136364
55158751 0.107143
55163470 4.16334e-17
55177993 -0.153846
55182443 -0.153846
55194325 -0.153846
55211959 -0.136364
55218436 -0.136364
55222695 -0.136364
55226719 -0.136364
55230421 -0.136364
55253694 -0.136364
55258350 -0.136364
55263448 -0.136364
55267808 -0.136364
55269731 4.16334e-17
55322894 -0.0526316
55324843 -0.136364
55326756 4.16334e-17
55348314 -0.25
55349665 -0.25
55358360 -0.136364
55363006 -0.136364
55375763 -0.226415
55404734 -0.25
55407571 -0.136364
55418254 -0.136364
55419922 -0.136364
55433801 -0.136364
55438203 -0.136364
55457797 0.393939
55467601 0.25
55483742 0.4
55486412 0.25
55490510 0.25
55496618 0.25
55502817 0.25
55504171 -0.136364
55515973 0.25
55517251 0.4
55519339 0.25
55525982 0.25
55528401 0.194631
55537068 -0.153846
55539040 -0.153846
55572527 -0.25
55573544 -0.264368
55581146 -0.195652
55602978 -0.153846
55610040 -0.153846
55617823 -5.20417e-17
55669170 0.25
55719943 0.107143
55722214 -5.20417e-17
55724571 -5.20417e-17
55745078 -5.20417e-17
55760157 0.107143
55765837 0.25
55766954 0.25
55769638 -0.226415
55775590 -5.20417e-17
55807275 0.25
55810440 0.25
55831554 -0.184211
55834302 -0.153846
55848750 -0.254603
55866622 -0.25
55879101 -0.153846
55883422 -0.153846
55939194 0.25
55944746 -5.20417e-17
55976161 -0.136364
55982897 -0.136364
55998222 -5.20417e-17
56015996 -0.25
56019244 -5.20417e-17
56040192 -0.136364
56044962 -0.136364
56048141 -0.136364
56050288 -0.136364
56059820 0.107143
56094260 -5.20417e-17
56097247 -0.136364
56099934 -5.20417e-17
56106787 -0.136364
56108079 -5.20417e-17
56117448 -0.25
56122679 -0.25
56134306 -0.136364
56142221 0.411765
56143364 -0.25
56296878 0.75
56331913 0.5
56334377 0.5
56396797 0.5
56409277 0.75
56419080 0.5
56432298 0.75
56439010 0.5
56448243 0.75
56475793 -5.20417e-17
56483059 0.411765
56486104 0.75
56501920 0.75
56511374 0.25
56514285 0.5
56524987 0.5
56525903 -5.20417e-17
56582329 0.107143
56667939 0.411765
56705229 0.411765
56743030 0.411765
56770865 0.411765
56782291 0.411765
56793551 0.411765
56796876 0.411765
56827801 0.411765
56830220 0.411765
