786288 -0.264368
793440 -0.153846
797007 -0.25
1118989 -0.0795455
1190302 0.107143
1373179 -5.20417e-17
1430415 0.107143
1463941 0.314159
1468574 0.274194
1475148 0.274194
1476014 0.314159
1506737 0.274194
1510487 0.274194
1556520 0.411765
1565941 0.411765
1566028 0.411765
1585203 0.411765
1611399 0.411765
1613819 0.411765
1616887 0.411765
1624977 0.411765
1627606 0.411765
1628899 0.411765
1632236 0.411765
1632674 0.411765
1634232 0.411765
1634375 0.411765
1637004 -5.20417e-17
1637520 0.411765
1637726 0.411765
1655524 0.411765
1658881 0.150295
1672922 0.411765
1683633 0.411765
1815539 -5.20417e-17
1821010 -0.25
1829531 -5.20417e-17
1831933 -5.20417e-17
1863115 -0.264368
1885489 -0.153846
1914100 -0.25
1927320 -0.25
1970028 -0.25
1973360 -0.25
1977509 -0.25
1981117 -5.20417e-17
1982767 -5.20417e-17
2024577 0.276765
2027608 -0.25
2033606 -0.25
2034463 -0.25
2039496 -0.136364
2043657 -0.136364
2044053 -0.136364
2044689 -0.136364
2056166 -0.25
2059755 -5.20417e-17
2096888 -0.25
2105814 -0.25
2111908 -0.136364
2123662 -0.136364
2132175 -0.25
2141141 -0.25
2141318 -0.226415
2141491 -0.25
2173776 -5.20417e-17
2180273 -5.20417e-17
2180765 -5.20417e-17
2181412 -5.20417e-17
2181727 -5.20417e-17
2181970 -5.20417e-17
2182377 -5.20417e-17
2183847 -5.20417e-17
2203752 -5.20417e-17
2279023 -5.20417e-17
2283922 -5.20417e-17
2284150 -5.20417e-17
2292177 -5.20417e-17
2300487 -5.20417e-17
2300808 -5.20417e-17
2310280 -5.20417e-17
2313474 -5.20417e-17
2319096 -5.20417e-17
2324488 -5.20417e-17
2326395 -5.20417e-17
2335075 -5.20417e-17
2335917 0.166667
2342017 -5.20417e-17
2345040 -5.20417e-17
2345459 -5.20417e-17
2351151 -5.20417e-17
2375957 -5.20417e-17
2382910 -5.20417e-17
2384272 -0.25
2398166 -5.20417e-17
2402035 -5.20417e-17
2418176 -5.20417e-17
2433248 -5.20417e-17
2441550 -5.20417e-17
2441702 -5.20417e-17
2452457 -5.20417e-17
2470886 -5.20417e-17
2471066 -5.20417e-17
2490289 -5.20417e-17
2490404 -5.20417e-17
2491304 -5.20417e-17
2511034 -5.20417e-17
2539437 -5.20417e-17
2541286 -5.20417e-17
2550746 -5.20417e-17
2550843 -5.20417e-17
2572413 -5.20417e-17
2573786 -5.20417e-17
2580869 -5.20417e-17
2626181 -5.20417e-17
2634722 -5.20417e-17
2635746 -5.20417e-17
2639584 -5.20417e-17
2650616 -5.20417e-17
2667494 -5.20417e-17
2672969 -5.20417e-17
2673754 -5.20417e-17
2674927 -5.20417e-17
2677309 -5.20417e-17
2677981 -5.20417e-17
2697626 -5.20417e-17
2701355 -5.20417e-17
2703272 -5.20417e-17
2726729 -5.20417e-17
2732048 -0.153846
2740491 -0.153846
2759633 -0.153846
2761089 -0.197917
2789107 -0.153846
2813463 -0.264368
2840929 -0.153846
2849055 -0.153846
2856555 -0.153846
2869109 -0.264368
2873641 -0.153846
2889169 -0.153846
2928984 -0.153846
2930482 -0.153846
2942526 -0.136364
2944185 -0.153846
2945281 -0.136364
2965705 -0.153846
2983923 -0.2
2985638 -0.153846
2991616 -0.153846
3018316 -0.25
3019306 -0.25
3022795 -0.25
3033620 -0.25
3037834 -0.25
3053356 -0.25
3063350 -0.264368
3063894 -0.25
3064845 -0.25
3065764 -0.25
3072014 -0.25
3085582 -0.25
3088445 -0.25
3152631 -0.25
3153803 -0.25
3179314 -0.25
3182921 -0.25
3215761 -0.25
3228436 -0.25
3276651 -0.25
3286586 -0.226415
3289486 -0.264368
3298589 -0.350482
3307666 -0.25
3308370 -0.25
3312068 -0.25
3342893 -0.25
3373388 -0.25
3507478 -0.153846
3523755 -0.153846
3529026 -0.153846
3595331 -0.25
3604631 -0.25
3636582 -0.25
3646948 -0.25
3663351 -0.25
3786749 -5.20417e-17
3810391 -0.136364
3823515 -0.153846
3826453 -0.153846
3844362 -0.280992
3866379 -5.20417e-17
3873370 -5.20417e-17
3879313 -5.20417e-17
3954117 -5.20417e-17
4806741 0.411765
4808237 0.411765
4833880 0.411765
4879302 0.411765
4888429 0.411765
4958147 0.107143
4965776 0.107143
4988513 0.107143
4993487 0.107143
5009800 -0.0185185
5060637 0.314159
5061095 0.411765
5088534 -0.166667
5089901 0.411765
5101732 0.107143
5120350 0.107143
5132603 0.274194
5242876 0.107143
5243819 0.107143
5273433 0.107143
5279444 0.107143
5287858 0.107143
5304449 0.107143
5304827 0.107143
5333691 -0.153846
5377031 -5.20417e-17
5548340 -5.20417e-17
5579771 -5.20417e-17
5583139 -5.20417e-17
5598587 -5.20417e-17
5621113 -0.25
5638932 -5.20417e-17
5645970 -5.20417e-17
5700228 -5.20417e-17
5709053 -0.25
5709735 -5.20417e-17
5724398 -0.25
5734502 -0.25
5735386 -5.20417e-17
5750622 -5.20417e-17
5772438 -5.20417e-17
5821229 -5.20417e-17
5968621 -0.25
6196069 -0.25
6903360 -5.20417e-17
6945519 -5.20417e-17
6969568 -5.20417e-17
6994789 -5.20417e-17
6997328 -5.20417e-17
7036949 -5.20417e-17
7056656 -5.20417e-17
7075496 -5.20417e-17
7108611 -0.153846
7142344 -0.153846
7187624 -0.25
7425389 -0.25
7470603 -0.153846
7473793 -0.153846
7512438 -0.153846
7518597 -0.153846
7518912 -0.153846
7519161 -0.153846
7523028 -0.153846
7523943 -0.153846
7525546 -0.153846
7527206 -0.264368
7686941 -0.226415
7721316 -0.153846
7721453 -0.153846
7787054 -0.153846
7824338 -0.25
7862866 -5.20417e-17
7874282 -0.2
7883227 0.107143
7896255 -0.153846
7993878 -0.153846
8291045 -0.25
8310289 -0.25
8451046 -0.25
8465415 -0.25
8512373 -0.280992
8571552 -0.25
8601081 -0.25
8602715 -0.25
8607322 -0.25
8612983 -5.20417e-17
8629168 -5.20417e-17
8635628 -5.20417e-17
8703353 -5.20417e-17
8725772 -5.20417e-17
8796917 -0.25
8816346 -0.25
8830202 -0.25
8853414 -0.25
8869615 -0.25
9104059 -0.25
9104554 -0.25
9107321 -0.25
9110976 -0.25
9113555 -0.25
9123351 -0.25
9138111 -0.25
9138863 -0.25
9172656 -0.153846
9188633 -5.20417e-17
9199345 -5.20417e-17
9220290 -5.20417e-17
9245434 0.107143
9264480 0.107143
9267371 0.107143
9267469 0.107143
9399627 -0.134918
9399858 0.107143
9428417 0.107143
9472553 -0.226415
9476804 -0.25
9481774 -0.25
9520635 -0.25
9526669 -0.25
9589446 0.0625
9615129 0.25
9627060 0.0625
9675187 0.25
9680294 0.25
9681167 0.25
9692119 0.25
9700858 0.25
9733609 0.25
9781116 -0.280992
9837263 -5.20417e-17
9840245 -5.20417e-17
9850959 0.25
9865454 -5.20417e-17
9877098 -0.153846
9893792 -5.20417e-17
9898176 -5.20417e-17
9907280 -0.0526316
9909193 -5.20417e-17
9912302 -5.20417e-17
9915438 -5.20417e-17
9916529 -5.20417e-17
9928184 -5.20417e-17
9939190 -0.0185185
9954124 -5.20417e-17
9958064 -5.20417e-17
9962057 -0.136364
9979042 -5.20417e-17
9987423 -0.136364
9989563 -5.20417e-17
10029124 -5.20417e-17
10078730 -5.20417e-17
10085363 -5.20417e-17
10101156 -0.153846
10102541 -5.20417e-17
10112321 -5.20417e-17
10112531 -5.20417e-17
10116268 -5.20417e-17
10116595 -5.20417e-17
10120520 -5.20417e-17
10163647 -5.20417e-17
10176422 -5.20417e-17
10215938 0.107143
10221279 0.107143
10223182 0.107143
10227876 -5.20417e-17
10228083 -0.25
10233908 -5.20417e-17
10243564 -0.0526316
10257932 0.25
10310682 -5.20417e-17
10325225 -5.20417e-17
10326297 -0.136364
10327339 -5.20417e-17
10330016 -5.20417e-17
10331662 -0.136364
10348581 -5.20417e-17
10353153 0.393939
10384452 -0.136364
10392081 -5.20417e-17
10393042 -0.136364
10420290 0.5
10431498 -5.20417e-17
10451058 0.25
10465577 0.107143
10466362 0.5
10466567 0.314159
10482820 0.107143
10504583 0.5
10513199 -5.20417e-17
10513283 -5.20417e-17
10517577 0.107143
10523847 0.107143
10533831 -5.20417e-17
10575689 -5.20417e-17
10582175 -5.20417e-17
10632357 -5.20417e-17
10668608 -5.20417e-17
10677728 -5.20417e-17
10689483 -5.20417e-17
10700780 0.5
10761671 -5.20417e-17
10785686 0.0625
10829963 0.25
10849004 0.25
10858120 -5.20417e-17
10865328 -5.20417e-17
10869641 0.25
10963012 -5.20417e-17
10984300 0.25
10985000 0.25
10987757 0.25
11063024 -5.20417e-17
11126044 -5.20417e-17
11168730 -5.20417e-17
11177135 -5.20417e-17
11178496 -5.20417e-17
11259268 -0.25
11270610 -0.25
11297779 -0.25
11363824 0.25
11367862 0.25
11394552 0.25
11477277 -5.20417e-17
11500975 -5.20417e-17
11602284 -0.136364
11616055 0.25
11666878 0.25
11674645 -0.136364
11676355 0.0625
11689124 0.25
11689365 -0.136364
11689483 -5.20417e-17
11692323 -5.20417e-17
11722906 -5.20417e-17
11745889 0.25
11782557 0.25
11808193 0.25
11809120 0.25
11825932 0.25
11832045 -0.153846
11832210 0.5
11838579 0.25
11840201 -0.00515464
11841751 -0.153846
11842757 -0.153846
11843090 -0.153846
11843296 -0.153846
11843697 -0.00515464
11859091 0.25
11860144 0.25
11888473 -0.25
11888613 -0.25
11889709 -0.25
11914584 0.25
11939860 0.25
11973143 -0.136364
11973244 0.25
11974826 -0.136364
11979214 0.25
12105817 0.25
12106889 -5.20417e-17
12167850 -0.25
12168563 -0.136364
12168750 -0.25
12179908 -5.20417e-17
12219947 -5.20417e-17
12227484 -5.20417e-17
12262128 0.4
12275947 -1.12757e-16
12276541 -5.20417e-17
12276678 -5.20417e-17
12316567 -0.0526316
12320013 -0.136364
12376551 -5.20417e-17
12389289 -5.20417e-17
12389885 -5.20417e-17
12393450 -0.0909091
12406508 -0.25
13035897 -0.25
13113574 -5.20417e-17
13162912 -5.20417e-17
13215197 -5.20417e-17
13238031 -5.20417e-17
13275688 -5.20417e-17
13293726 -5.20417e-17
13380271 -5.20417e-17
13380718 -5.20417e-17
13381019 -5.20417e-17
13388178 -5.20417e-17
13394455 -5.20417e-17
13398734 -5.20417e-17
13445038 -5.20417e-17
13516359 -5.20417e-17
13577555 -5.20417e-17
13690472 -5.20417e-17
13698125 -5.20417e-17
13717165 -5.20417e-17
13815507 -5.20417e-17
13849126 -0.226415
13890148 -0.136364
13895916 -0.136364
13906530 -0.25
13934839 -0.136364
13936665 -0.25
13955539 -5.20417e-17
13963999 -0.226415
13964121 -0.25
13988300 -5.20417e-17
14009085 -5.20417e-17
14029814 -5.20417e-17
14052904 -5.20417e-17
14056519 -5.20417e-17
14073949 -5.20417e-17
14100879 -5.20417e-17
14110724 -5.20417e-17
14128111 -0.0526316
14128918 -5.20417e-17
14130626 -5.20417e-17
14149287 -0.25
14154575 -0.254603
14160423 -0.136364
14164691 -0.136364
14182855 -0.136364
14183413 -0.136364
14189486 -0.136364
14196088 -0.136364
14196322 -5.20417e-17
14208149 -0.195652
14226774 -5.20417e-17
14237790 -0.136364
14242348 -0.280992
14251580 -0.136364
14283732 -0.0309558
14362330 0.25
14552630 0.25
14567383 0.25
14577038 0.25
14618453 -5.20417e-17
14636602 0.25
14639570 0.25
14644929 -0.0795455
14647461 -0.25
14649023 -5.20417e-17
14672996 -5.20417e-17
14712827 -0.136364
14722335 -0.136364
14741771 -0.136364
14753760 -0.25
14763235 -0.2
14764913 -0.136364
14773236 -0.25
14781592 -0.25
14781874 -0.25
14782328 -0.280992
14783465 -0.25
14784214 -0.25
14784692 -0.136364
14807467 -5.20417e-17
14918296 -5.20417e-17
14943141 -5.20417e-17
14944210 -5.20417e-17
14944436 -5.20417e-17
14946179 -5.20417e-17
14987529 -5.20417e-17
15062941 -5.20417e-17
15084849 -0.141304
15084953 0.0542698
15086291 -0.136364
15111488 -0.197917
15114101 -0.136364
15119496 -5.20417e-17
15125250 0.0625
15125405 0.0625
15127310 -0.136364
15131871 -0.226415
15134636 -0.136364
15140300 -0.226415
15143289 -0.136364
15144602 -5.20417e-17
15149371 0.194631
15169379 -0.134918
15172323 -0.25
15173338 -0.280992
15314513 -5.20417e-17
15315671 -5.20417e-17
15315961 -5.20417e-17
15317735 -5.20417e-17
15326072 -5.20417e-17
15381230 4.16334e-17
15469335 0.25
15504868 -5.20417e-17
15510243 -5.20417e-17
15548772 0.5
15558477 0.5
15559466 0.5
15567780 -5.20417e-17
15577877 0.25
15592180 -5.20417e-17
15633368 0.5
15645356 0.5
15646992 -5.20417e-17
15687646 -5.20417e-17
15690728 0.0625
15731880 -5.20417e-17
15744636 -5.20417e-17
15745785 0.0625
15766584 0.25
15769392 -5.20417e-17
15772868 -5.20417e-17
15780389 -5.20417e-17
15784236 0.25
15788292 -5.20417e-17
15797036 0.25
15797532 0.25
15811173 -5.20417e-17
15835838 -5.20417e-17
15845309 0.25
15850296 0.25
15980922 0.25
16089996 -5.20417e-17
16094804 0.25
16131652 -5.20417e-17
16131748 -5.20417e-17
16134481 -5.20417e-17
16160202 -5.20417e-17
16160670 -5.20417e-17
16161353 -5.20417e-17
16179292 -5.20417e-17
16184194 0.25
16190177 0.25
16200874 -5.20417e-17
16261932 -5.20417e-17
16263621 -5.20417e-17
16274583 -5.20417e-17
16276167 -5.20417e-17
16311940 -5.20417e-17
16424494 -5.20417e-17
16451124 -0.136364
16613265 -0.25
16616742 -0.25
16617278 -0.25
16617500 -0.25
16618049 -0.25
16618631 -0.25
16618923 -0.25
16757883 -5.20417e-17
16765577 -5.20417e-17
16773792 -5.20417e-17
16774275 -5.20417e-17
16795090 -5.20417e-17
16814251 -5.20417e-17
16898563 -5.20417e-17
17017473 -5.20417e-17
17017611 -5.20417e-17
17019741 -5.20417e-17
17101863 -5.20417e-17
17105398 -5.20417e-17
17137743 -5.20417e-17
17156410 -5.20417e-17
17207837 -5.20417e-17
17221018 -5.20417e-17
17225547 -5.20417e-17
17232852 0.5
17237012 -5.20417e-17
17241295 -5.20417e-17
17288564 0.5
17333566 -5.20417e-17
17344421 -5.20417e-17
17378200 -5.20417e-17
17464069 -5.20417e-17
17466681 -5.20417e-17
17490619 0.25
17514307 -5.20417e-17
17514669 0.5
17530147 0.5
17603027 -5.20417e-17
17616403 -5.20417e-17
17629742 0.25
17638502 0.25
17653606 0.25
17748776 -0.00515464
17754828 0.25
17772178 -5.20417e-17
17799013 -5.20417e-17
17801521 0.25
17801693 0.25
17803816 0.25
17824366 0.25
17828516 -5.20417e-17
17828747 -5.20417e-17
17828890 -5.20417e-17
17829032 -5.20417e-17
17840393 -0.136364
17861078 -0.0526316
17864282 -0.136364
17867725 -0.136364
17876288 -0.136364
17991318 -5.20417e-17
18033311 -5.20417e-17
18033773 -5.20417e-17
18033951 -5.20417e-17
18034261 -5.20417e-17
18034887 -5.20417e-17
18035888 -5.20417e-17
18036698 0.25
18090157 0.107143
18095083 0.25
18107335 0.107143
18107496 0.25
18113151 -0.136364
18116875 0.166667
18127627 -0.25
18160728 -5.20417e-17
18160889 -5.20417e-17
18169933 -5.20417e-17
18225965 -5.20417e-17
18252799 -5.20417e-17
18254279 -0.25
18261131 0.25
18271581 0.25
18272042 0.25
18272572 0.25
18277651 0.25
18281622 0.25
18282475 0.25
18282610 0.25
18314214 0.5
18326730 0.5
18327052 0.5
18363570 0.25
18364010 -5.20417e-17
18364165 0.194631
18364409 0.25
18367723 -5.20417e-17
18378731 0.047619
18432262 -5.20417e-17
18453233 -5.20417e-17
18482110 -5.20417e-17
18486014 -0.136364
18554554 -0.195652
18601434 -5.20417e-17
18659751 -0.195652
18659871 -0.136364
18673407 -0.136364
18678010 -0.136364
18694242 -0.136364
18713302 -0.136364
18714604 -0.136364
18714715 -0.136364
18716055 -5.20417e-17
18716575 -0.136364
18717082 -0.136364
18730367 -0.25
18731162 -5.20417e-17
18731498 -0.136364
18753232 -0.25
18854829 -5.20417e-17
19062760 0.166667
19062988 0.25
19072659 0.25
19074132 0.25
19074614 0.25
19092680 0.166667
19104990 0.25
19107890 0.25
19107976 -0.136364
19108199 -0.136364
19117787 -0.184211
19128531 -0.136364
19135495 0.25
19138919 0.25
19141689 0.0625
19153852 0.25
19172024 -0.184211
19192596 -5.20417e-17
19205536 -0.136364
19206130 -5.20417e-17
19206223 0.166667
19208408 0.25
19209949 0.25
19236805 0.0131472
19240693 0.0625
19241199 -0.136364
19242705 0.25
19242906 0.25
19245842 -0.25
19248107 -0.136364
19249288 -0.136364
19249481 -0.136364
19249582 -0.136364
19249906 -0.136364
19253054 -0.184211
19259750 -0.136364
19278226 0.25
19279945 -0.136364
19281227 -0.136364
19286110 -0.184211
19292632 0.25
19296367 0.0625
19330084 0.25
19343981 0.0625
19359779 0.25
19360156 -0.136364
19366334 -0.136364
19367721 -0.136364
19368434 0.25
19368699 -0.136364
19369663 -0.136364
19371483 0.25
19377418 0.25
19381909 0.25
19383131 0.25
19389280 -0.136364
19410649 0.25
19412571 -0.136364
19412676 -0.280992
19413771 0.25
19417596 0.25
19418262 0.25
19434677 -0.136364
19439871 -0.136364
19440300 -0.136364
19440719 -5.20417e-17
19445772 0.25
19446366 -0.136364
19459680 -0.136364
19462972 -5.20417e-17
19467289 -0.136364
19482774 0.25
19483929 0.151786
19487850 -0.136364
19488481 -0.136364
19488576 -0.136364
19488973 0.25
19489356 -5.20417e-17
19490073 -0.136364
19493562 0.25
19500162 -5.20417e-17
19500267 0.25
19503648 -0.136364
19504427 -5.20417e-17
19514192 -0.136364
19515372 -0.136364
19517112 -0.136364
19518105 0.25
19518756 -0.136364
19528932 0.25
19531887 0.25
19533845 0.25
19535212 0.25
19535568 -0.136364
19535724 0.25
19535918 0.25
19536007 0.25
19536139 0.25
19536380 0.25
19536895 0.25
19537163 0.25
19537894 0.25
19540341 0.25
19548637 0.25
19564364 0.25
19567431 0.25
19569615 0.25
19582422 0.25
19586799 0.25
19592124 0.25
19607874 0.25
19613698 0.25
19635647 0.25
19657392 0.25
19660188 0.25
19661094 0.25
19661479 0.25
19661841 0.25
19662217 0.25
19662969 0.25
19663477 -0.136364
19664286 0.25
19664802 0.25
19664993 -0.136364
19665925 0.25
19669651 0.25
19687598 0.25
19688121 0.25
19689921 0.25
19691947 0.25
19693070 0.25
19693434 0.25
19693648 0.25
19694112 -0.136364
19697628 0.25
19700786 0.25
19723817 4.16334e-17
19738630 0.25
19739866 -0.136364
19741097 0.25
19743405 -0.136364
19744049 -0.136364
19750214 0.25
19750495 0.25
19750749 0.25
19754079 0.25
19775377 0.25
19777910 -0.136364
19781668 -0.136364
19788540 0.25
19788632 0.25
19788798 -0.136364
19788939 0.25
19790967 -0.136364
19793071 0.25
19796815 0.25
19823467 -5.20417e-17
19844613 0.25
19845741 0.25
19849452 0.25
19853041 0.25
19891363 -5.20417e-17
19891576 -5.20417e-17
19892219 -5.20417e-17
19893066 -5.20417e-17
19893952 -5.20417e-17
19896470 -5.20417e-17
19897708 -5.20417e-17
19954533 0.25
19959980 0.25
19961576 0.25
19963398 0.25
19964080 0.25
19968349 -5.20417e-17
19974684 -5.20417e-17
19978157 -5.20417e-17
19988001 -1.12757e-16
20002714 -5.20417e-17
20003513 -5.20417e-17
20012231 -5.20417e-17
20015553 -5.20417e-17
20016498 -5.20417e-17
20017675 -5.20417e-17
20021838 -5.20417e-17
20027614 -5.20417e-17
20038890 -5.20417e-17
20043202 -5.20417e-17
20045215 -0.25
20046381 -5.20417e-17
20047061 -0.25
20047987 -5.20417e-17
20048105 -0.25
20049659 -5.20417e-17
20051354 -1.12757e-16
20053720 -0.25
20060997 -5.20417e-17
20069462 -5.20417e-17
20077639 -0.0526316
20078338 -5.20417e-17
20081602 -0.25
20088422 -5.20417e-17
20089096 -5.20417e-17
20092269 -5.20417e-17
20124173 -0.0526316
20173940 -5.20417e-17
20180418 -5.20417e-17
20190128 -5.20417e-17
20203205 -5.20417e-17
20210510 -5.20417e-17
20223793 -5.20417e-17
20224011 -5.20417e-17
20227471 -5.20417e-17
20234895 -5.20417e-17
20238147 -5.20417e-17
20241766 -5.20417e-17
20247424 -5.20417e-17
20248715 -5.20417e-17
20254735 -5.20417e-17
20275051 -5.20417e-17
20281344 -5.20417e-17
20292818 -5.20417e-17
20293059 -5.20417e-17
20296336 -5.20417e-17
20298443 -5.20417e-17
20299482 -5.20417e-17
20347901 -5.20417e-17
20356160 -5.20417e-17
20357100 -5.20417e-17
20380624 -5.20417e-17
20597715 -5.20417e-17
20597949 -5.20417e-17
20602875 -5.20417e-17
20607621 -5.20417e-17
20640407 -5.20417e-17
20640615 -5.20417e-17
20652909 -5.20417e-17
20676940 -5.20417e-17
20677984 -5.20417e-17
20683442 -5.20417e-17
20704914 -5.20417e-17
20710594 -5.20417e-17
20800256 0.25
20802879 0.25
20805867 -0.195652
20809106 0.25
20811661 0.25
20863154 0.25
20936835 -1.12757e-16
20975559 0.25
20998356 0.25
21090264 0.25
21090391 0.25
21127737 0.25
21128125 0.25
21128290 0.25
21128492 0.25
21128613 0.25
21129207 0.194631
21129455 0.25
21129619 0.25
21130219 0.194631
21130342 0.25
21131261 0.25
21132299 0.25
21135107 0.25
21135303 0.25
21137490 0.25
21140990 0.25
21159810 0.25
21169021 0.25
21173943 0.25
21178053 0.25
21178163 0.25
21180638 0.25
21188497 0.25
21189951 0.25
21193813 0.25
21300897 0.25
21317535 0.25
21318691 0.25
21319155 0.411765
21319282 -0.136364
21341149 -0.25
21344653 -0.25
21345356 -0.136364
21373986 -0.136364
21374341 -0.136364
21374873 -0.136364
21376154 -0.136364
21376581 -0.136364
21376682 -0.136364
21376889 -0.136364
21377420 -0.136364
21378052 -0.136364
21380422 -0.136364
21380698 -0.136364
21380792 -0.136364
21381300 -0.136364
21382740 -0.136364
21383422 -0.136364
21388144 -0.136364
21388425 -0.136364
21389472 -0.136364
21398340 -0.136364
21398730 -0.136364
21487660 -0.136364
21488706 -0.136364
21491983 -0.136364
21496775 -0.136364
21499256 -0.136364
21501132 -0.136364
21513357 -0.136364
21513806 -0.136364
21516171 -0.136364
21523054 -0.136364
21523503 -0.136364
21534188 -0.136364
21536318 -0.136364
21536966 -0.136364
21537782 -0.136364
21537876 -0.136364
21538040 -0.136364
21538239 -0.136364
21538328 -0.136364
21559631 -0.136364
21568195 -0.136364
21569450 -0.136364
21586415 -0.136364
21671895 -0.136364
21749534 0.411765
21762406 0.411765
21763314 0.411765
21763470 0.411765
21785268 0.411765
21800908 0.411765
21804129 0.411765
21813071 0.411765
21813168 0.411765
21814594 0.411765
21815209 0.411765
21830727 0.411765
21835567 0.411765
21841129 0.411765
21847035 0.411765
21851922 -0.141304
21858088 0.411765
21862906 0.411765
21896937 0.107143
21900093 0.107143
21909876 0.107143
21909976 0.107143
21910107 0.107143
21910861 0.107143
21916776 0.107143
21918993 0.107143
21925843 0.107143
21942429 0.107143
21966785 -1.12757e-16
21977491 0.5
21981118 0.5
21990271 0.5
22003357 0.5
22078860 -0.153846
22270529 -0.25
22323538 0.107143
22323664 0.107143
22341813 0.107143
22343819 0.107143
22350751 0.107143
22384458 0.107143
22384679 0.107143
22388329 0.107143
22410134 0.107143
22410218 0.107143
22411132 0.107143
22411227 0.107143
22412589 -0.0526316
22415845 -0.0526316
22426734 0.107143
22442423 0.107143
22458655 0.107143
22471968 0.107143
22475484 0.107143
22486447 0.5
22493456 0.5
22511053 0.5
22517010 0.5
22520877 0.5
22522019 0.5
22522560 0.5
22523429 0.5
22542213 0.107143
22548967 0.107143
22549681 0.107143
22549991 0.107143
22563755 0.107143
22564399 -0.0185185
22569191 0.107143
22572326 0.107143
22574363 0.107143
22578609 0.107143
22578766 0.107143
22579009 0.107143
22579268 -0.166667
22588221 0.107143
22588580 0.107143
22596716 0.107143
22597947 0.107143
22658482 -5.20417e-17
22760603 -5.20417e-17
22877997 -5.20417e-17
22884260 -5.20417e-17
22884496 -0.0526316
22885696 -5.20417e-17
22886130 -0.153846
22887890 -5.20417e-17
22888080 -5.20417e-17
22888633 -0.0526316
22889102 -5.20417e-17
22889344 -5.20417e-17
22889469 -5.20417e-17
22889803 -5.20417e-17
22890326 -5.20417e-17
22890505 -5.20417e-17
22891056 -5.20417e-17
22891879 -5.20417e-17
22892110 -5.20417e-17
22892225 -5.20417e-17
22892330 -5.20417e-17
22892930 -5.20417e-17
22894374 -5.20417e-17
22894552 -5.20417e-17
22894934 -5.20417e-17
22895413 -5.20417e-17
22895999 -5.20417e-17
22898904 -5.20417e-17
22899406 -0.0526316
22900228 -5.20417e-17
22901603 -5.20417e-17
22908826 -5.20417e-17
22909275 -5.20417e-17
22937422 -5.20417e-17
22937907 -5.20417e-17
22938017 -5.20417e-17
22947535 -5.20417e-17
22952623 -5.20417e-17
22952942 -5.20417e-17
22974861 -5.20417e-17
22988234 -0.0526316
22992597 -5.20417e-17
22993059 -5.20417e-17
22995303 -5.20417e-17
22998350 -0.153846
23000081 -5.20417e-17
23000771 -5.20417e-17
23002707 -5.20417e-17
23007965 -5.20417e-17
23010255 -5.20417e-17
23015444 -5.20417e-17
23017288 -5.20417e-17
23018602 -5.20417e-17
23022440 -5.20417e-17
23028508 -5.20417e-17
23030708 -5.20417e-17
23034075 -5.20417e-17
23034534 -5.20417e-17
23034860 -5.20417e-17
23039300 -5.20417e-17
23049370 -5.20417e-17
23049952 -5.20417e-17
23050246 -5.20417e-17
23050997 -5.20417e-17
23052970 -5.20417e-17
23053775 -5.20417e-17
23055329 -5.20417e-17
23057533 -5.20417e-17
23057657 -5.20417e-17
23057794 -5.20417e-17
23058084 -5.20417e-17
23077019 -0.0526316
23081711 -5.20417e-17
23090553 -5.20417e-17
23116108 -0.136364
23118205 -0.136364
23126295 -0.136364
23164827 0.411765
30788472 -0.136364
31400417 -0.153846
32626727 0.107143
33279507 -0.153846
34946476 -0.0526316
34983418 -0.0526316
35022714 0.107143
35084116 0.107143
35113908 -0.0526316
35503396 -0.0526316
35538470 0.107143
35572498 0.107143
35605864 0.107143
35718665 0.107143
36075677 0.107143
36272305 0.107143
36397078 0.107143
36466450 0.107143
36566903 0.107143
36764623 0.107143
36812291 0.333333
36939282 0.107143
36994688 0.107143
37018844 0.107143
37154064 0.5
37497004 -0.197917
37671706 0.4
37912349 0.5
38080286 0.5
38239478 0.5
38668120 0.107143
38826556 0.393939
40174127 -1.12757e-16
40221146 -5.20417e-17
40588862 -5.20417e-17
40597410 0.25
40641008 0.5
40641245 -5.20417e-17
40641341 -5.20417e-17
40647239 -5.20417e-17
40648803 -5.20417e-17
40649069 -5.20417e-17
40684679 -5.20417e-17
40695313 0.25
40720793 -5.20417e-17
40722328 -5.20417e-17
40722419 -5.20417e-17
40730653 -5.20417e-17
40810156 -0.25
40843125 -5.20417e-17
40851949 -5.20417e-17
40852805 -5.20417e-17
40854964 -0.0526316
40856683 -5.20417e-17
40881913 -0.153846
40886880 -5.20417e-17
40887930 -0.153846
40888200 -0.153846
40893201 -0.136364
40906161 -0.153846
40907289 -0.153846
40907394 -0.153846
40908893 -0.153846
40925128 -0.153846
40925318 -0.153846
40925463 -0.153846
40940261 -0.153846
40981382 -0.153846
41028060 -5.20417e-17
41037487 -5.20417e-17
41050944 -5.20417e-17
41051113 -5.20417e-17
41054049 -5.20417e-17
41116150 -5.20417e-17
41123546 -5.20417e-17
41131524 -5.20417e-17
41170056 -5.20417e-17
41216211 -5.20417e-17
41225124 -5.20417e-17
41226360 -5.20417e-17
41228110 -5.20417e-17
41371777 -5.20417e-17
41384761 -5.20417e-17
41393448 -5.20417e-17
41393794 -5.20417e-17
41397580 -5.20417e-17
41398122 -5.20417e-17
41400001 -5.20417e-17
41400159 -5.20417e-17
41401259 -5.20417e-17
41516973 -5.20417e-17
41517102 -5.20417e-17
41517292 -5.20417e-17
41517384 -5.20417e-17
41518159 -5.20417e-17
41519168 -5.20417e-17
41519506 -5.20417e-17
41519688 -5.20417e-17
41520716 -5.20417e-17
41583445 -5.20417e-17
41589545 -5.20417e-17
41594824 -5.20417e-17
41594931 -5.20417e-17
41600099 -5.20417e-17
41640233 -5.20417e-17
41642480 -5.20417e-17
41769114 -5.20417e-17
41792467 -5.20417e-17
41796167 -5.20417e-17
41796323 -5.20417e-17
41834095 -5.20417e-17
41960275 -5.20417e-17
42069304 -5.20417e-17
42070881 -5.20417e-17
42145795 -5.20417e-17
42146252 -5.20417e-17
42195720 0.107143
42196310 0.107143
42256877 0.107143
42292701 0.107143
42293287 0.107143
42293735 0.107143
42333993 0.107143
42334812 0.107143
42335824 0.107143
42345982 0.107143
42381368 0.107143
42381918 0.107143
42407512 0.107143
42439047 0.107143
42452814 0.107143
42455100 0.107143
42465843 0.107143
42485714 0.107143
42491228 0.107143
42516709 -5.20417e-17
42521812 -0.25
42531670 -0.25
42532395 0.107143
42532915 -0.25
42578895 -0.25
42702363 -0.153846
42707972 -0.153846
42830743 -5.20417e-17
42861364 0.25
42884312 0.25
42901913 0.25
42944087 -5.20417e-17
42947928 0.25
42977728 0.25
42980257 -5.20417e-17
42985125 0.25
43004138 -5.20417e-17
43005079 -5.20417e-17
43005448 -5.20417e-17
43023964 -5.20417e-17
43062862 -0.242089
43175755 -0.25
43252916 -0.25
43369022 -0.25
43371191 -0.25
43393275 -0.136364
43419763 -0.136364
43438144 -0.136364
43438247 -0.136364
43439374 -0.25
43445879 -0.25
43537604 -0.25
43567102 -5.20417e-17
43581094 -5.20417e-17
43595438 -0.136364
43618993 -0.136364
43619289 -0.136364
43629652 -0.25
43644751 -5.20417e-17
43653967 -0.25
43659636 -5.20417e-17
43685137 -0.136364
43714629 -0.25
43732247 -0.25
43743642 -0.136364
43747190 -0.25
43763503 -0.264368
43763761 -0.25
43773618 -0.25
43794081 -5.20417e-17
43796789 -5.20417e-17
43808820 -0.136364
43819757 -0.25
43821749 -0.136364
43827240 -0.136364
43835077 -0.136364
43856824 -0.25
43864912 -0.25
43874957 -0.25
43891342 -0.25
43893489 -0.25
43895654 -0.25
43895974 -0.25
43896715 -0.136364
43897821 -0.25
43918009 -0.136364
43923803 -0.25
43955878 -0.136364
43964271 -0.25
43973646 -0.25
43981834 -0.25
43985433 -0.25
44015432 -0.25
44017970 -0.25
44018106 -0.25
44037907 -0.25
44041433 -0.25
44047179 -0.25
44047264 -0.25
44050947 -0.25
44065309 -0.25
44067217 -0.25
44070700 -0.25
44084665 -0.25
44096773 -0.25
44107580 -0.25
44118480 -0.25
44120395 -0.25
44124528 -0.25
44126886 -0.25
44130162 -0.25
44133893 -0.0526316
44141728 -0.25
44150936 -0.25
44153694 -0.25
44155462 -0.25
44156632 -0.25
44202939 -0.25
44206485 -0.25
44207069 -0.25
44208073 -0.25
44208201 -0.25
44211606 -0.25
44220481 -0.25
44221107 -0.25
44249975 -0.25
44250250 -0.25
44251574 -0.25
44260595 -0.25
44263053 -0.25
44267551 -0.25
44306139 -0.25
44313811 -0.25
44318807 -0.25
44334097 -0.25
44345029 0.25
44382274 0.107143
44384746 0.107143
44399565 -0.25
44623218 0.5
44689972 -0.0526316
44698680 0.4
44889361 -0.136364
44924890 -0.136364
44956675 4.16334e-17
44969664 4.16334e-17
45018612 -0.136364
45097266 4.16334e-17
45140042 0.25
45156593 0.047619
45158525 -1.12757e-16
45164685 0.25
45170170 0.25
45184482 -0.153846
45223790 -0.2
45223948 -0.2
45234437 -0.2
45255780 -0.2
45258026 -0.2
45262423 -0.264368
45315745 -0.2
45323762 -0.25
45327359 0.25
45339181 0.25
45340205 0.047619
45349709 0.25
45363919 4.16334e-17
45403652 0.25
45406546 0.25
45496998 -5.20417e-17
45506275 -5.20417e-17
45514475 -5.20417e-17
45514683 -5.20417e-17
45517454 -5.20417e-17
45518790 -5.20417e-17
45529194 -5.20417e-17
45666704 0.25
45735822 -5.20417e-17
45913059 0.047619
45939398 -1.12757e-16
45939584 -1.12757e-16
46094205 0.5
46108542 0.5
46123407 0.5
46144428 -5.20417e-17
46169650 -0.195652
46181896 -0.25
46183086 -0.195652
46191907 -0.195652
46199621 -0.25
46211158 -0.25
46236916 -0.25
46272284 -0.25
46278711 -0.25
46289392 -0.25
46291246 -0.25
46291588 -0.25
46316927 -0.25
46394422 -0.264368
46400316 -0.195652
46438384 -0.195652
46443480 -0.195652
46455788 -0.195652
46511693 -0.25
46515373 -0.25
46519515 -0.25
46524404 -0.25
46546152 -0.25
46548351 -0.25
46549976 -0.25
46554953 -0.25
46569580 -0.25
46614155 -0.25
46614372 -5.20417e-17
46619036 -0.25
46653355 -0.25
46659893 -0.25
46670084 -0.25
46670622 -0.25
46674632 -0.25
46680608 -0.25
46681194 -0.25
46691031 -0.25
46691504 -0.25
46692266 -0.25
46695081 -0.25
46697026 -0.25
46697219 4.16334e-17
46701971 -0.25
46710188 4.16334e-17
46710523 4.16334e-17
46712011 -5.20417e-17
46715400 -0.25
46716128 -0.25
46718825 -0.25
46727043 0.166667
46739907 0.166667
46742972 -0.25
46744926 -0.25
46746733 -0.25
46761114 -0.25
46766073 -0.25
46766363 -0.25
46766462 -0.25
46770430 -0.25
46789006 -0.25
46793748 -0.25
46804936 -0.25
46809185 -0.25
46816645 -0.25
46832876 -0.0185185
46836803 -0.00515464
46857568 -0.0185185
46872498 0.0625
46873906 -0.153846
46921284 -0.0185185
46926845 -0.0185185
46935806 -0.00515464
46935903 -0.153846
46938211 -0.0185185
46954948 -0.0185185
46982723 -0.0185185
46985516 -0.0185185
46992353 -0.00515464
47010954 0.166667
47017119 0.166667
47035352 0.107143
47038818 -0.0185185
47040104 -0.0185185
47061716 -0.0185185
47069819 -0.0185185
47069906 -0.0185185
47076199 -0.0185185
47088353 0.25
47091563 0.166667
47094416 0.166667
47099163 0.166667
47117318 0.166667
47120523 0.25
47124181 0.166667
47139134 0.166667
47332629 -0.25
47618877 -0.153846
47621714 -0.153846
47636307 -0.25
47655181 -0.184211
47655267 -5.20417e-17
47722659 -0.282803
47725261 -5.20417e-17
47733111 -5.20417e-17
47755831 -5.20417e-17
47756699 -5.20417e-17
47765256 -5.20417e-17
47796376 -5.20417e-17
