171892 -0.0526316
193180 -0.136364
194375 -0.136364
199780 -0.136364
204660 -0.136364
267736 0.25
511864 -0.153846
548936 -0.153846
629908 -0.153846
632659 -0.2
681266 -0.2
702662 -0.153846
709825 -0.184211
714829 -0.2
716691 -0.184211
718311 -0.2
741109 -0.153846
755785 -0.2
790395 -0.184211
797341 -0.184211
799809 -0.184211
838665 -0.184211
856212 -0.184211
862907 -0.136364
864718 -0.184211
872351 -0.184211
943427 -0.184211
946360 -0.184211
947896 -0.184211
958703 -0.184211
961756 -0.184211
964298 -0.184211
1006618 -0.184211
1209090 -5.20417e-17
1221355 -5.20417e-17
1265085 -5.20417e-17
1269690 -5.20417e-17
1276087 -5.20417e-17
1303468 -5.20417e-17
1348467 -0.25
1415855 -5.20417e-17
1448193 -5.20417e-17
1463063 -0.0185185
1466681 -0.0185185
1472547 -0.2
1490854 -0.2
1492399 -0.2
1507399 -0.25
1523116 -0.25
1524735 -0.25
1540857 -0.25
1575712 -5.20417e-17
1590886 -0.25
1595379 -5.20417e-17
1619078 -0.25
1626887 -0.25
1714319 -0.25
1735782 -5.20417e-17
1749087 -0.25
1751953 -0.25
1756815 -5.20417e-17
1761594 -5.20417e-17
1766302 -5.20417e-17
1785519 -0.2
1793436 -0.0185185
1810064 -0.25
1815685 -0.264368
1818392 -0.0185185
1829937 -0.0185185
1842060 -0.264368
1848645 -5.20417e-17
1856253 4.16334e-17
1876456 0.274194
1890520 -0.0185185
1892131 -0.0185185
1906120 4.16334e-17
1910780 0.274194
1919635 -0.156417
1935125 -0.280992
1940853 -0.0526316
1947220 0.274194
1954579 0.274194
1956986 0.274194
1969699 4.16334e-17
1981978 -0.136364
1997454 -0.299213
2012999 -0.0526316
2021213 4.16334e-17
2049958 -5.20417e-17
2072091 -0.136364
2091798 4.16334e-17
2110683 -0.0526316
2127717 4.16334e-17
2152272 4.16334e-17
2154788 4.16334e-17
2178320 4.16334e-17
2183785 4.16334e-17
2185546 4.16334e-17
2198120 4.16334e-17
2241568 0.314159
2288829 4.16334e-17
2290761 4.16334e-17
2293544 4.16334e-17
2298686 4.16334e-17
2323879 -0.136364
2331047 0.314159
2333409 4.16334e-17
2342446 -0.136364
2350482 -0.0526316
2352709 4.16334e-17
2358669 4.16334e-17
2361277 4.16334e-17
2365414 4.16334e-17
2372826 4.16334e-17
2391057 0.274194
2402281 4.16334e-17
2428037 4.16334e-17
2436274 -0.0526316
2468124 -0.0526316
2486600 4.16334e-17
2565284 -0.136364
2612001 4.16334e-17
2624296 -0.136364
2635920 4.16334e-17
2637432 4.16334e-17
2643185 4.16334e-17
2649998 -0.195652
2653214 -0.2
2693688 -0.195652
2698586 4.16334e-17
2729517 -0.195652
2740735 -0.136364
2756823 -0.136364
2765144 4.16334e-17
2767603 -0.226415
2780998 -0.195652
2793134 -0.153846
2831678 -0.153846
2862779 -5.20417e-17
2876946 -0.153846
2911227 -0.153846
2936121 -0.153846
2938503 -0.0185185
2941569 -0.136364
2952387 -0.25
2966838 0.25
2973230 -0.0185185
2987215 -0.153846
2993341 -1.12757e-16
3025067 0.047619
3028399 -5.20417e-17
3030641 0.047619
3032666 -5.20417e-17
3039271 -0.2
3050698 -0.0185185
3053202 -5.20417e-17
3065595 0.047619
3067597 0.047619
3072421 -5.20417e-17
3078497 0.047619
3096457 0.310345
3134912 0.25
3145847 0.047619
3164995 0.047619
3169943 0.047619
3173078 0.047619
3182673 -0.195652
3227977 0.047619
3289823 0.047619
3291460 0.047619
3308375 0.047619
3319227 0.25
3323788 0.047619
3338189 0.047619
3344528 0.047619
3453351 -0.2
3488148 -5.20417e-17
3573258 -5.20417e-17
3591774 0.25
3622284 -0.25
3626450 -0.25
3629276 -0.25
3632900 -0.25
3639988 -0.25
3674750 -0.25
3689943 -0.25
3697786 -0.25
3700781 -0.25
3711812 -0.25
3713764 -0.25
3733394 -0.25
3745323 -0.25
3846538 -0.136364
3851525 0.107143
3853359 -0.136364
3863922 -0.136364
3936757 -0.153846
3937899 -0.153846
3985288 -0.153846
4100413 0.107143
4110122 0.107143
4111493 0.107143
4121954 -0.00515464
4130517 0.107143
4133547 0.107143
4171376 0.107143
4177989 0.107143
4219855 0.107143
4264224 0.107143
4271251 0.107143
4272763 0.107143
4277749 0.107143
4283809 0.107143
4290888 0.107143
4304371 0.107143
4317046 0.107143
4334070 0.107143
4336111 0.107143
4364695 -0.153846
4405156 0.25
4414264 -0.153846
4423856 -0.153846
4425676 -0.153846
4433944 -0.153846
4435746 -0.153846
4436986 -0.153846
4438411 -0.153846
4444475 -0.153846
4468141 -0.25
4475844 -0.25
4481538 -0.226415
4504320 -0.25
4513355 -0.25
4516820 -0.25
4528187 -0.25
4541338 -0.25
4632878 -0.136364
4635240 -0.136364
4636920 -0.136364
4660659 -0.136364
4667007 -0.136364
4685574 -0.136364
4747284 -0.136364
4770814 -0.184211
4778258 -0.136364
4783644 -0.136364
4794791 -0.136364
4796756 -0.136364
4916033 -0.25
4931211 -0.226415
4944019 -5.20417e-17
4946132 -0.25
4955159 -0.136364
4963686 -0.136364
4991877 -0.25
5014514 -0.195652
5116201 -5.20417e-17
5184552 -0.153846
5186044 -0.153846
5218552 -0.25
5222329 -0.25
5241013 -5.20417e-17
5252046 -5.20417e-17
5262353 -5.20417e-17
5331364 0.411765
5381724 0.411765
5449313 0.411765
5457236 0.411765
5541487 0.25
5657544 0.25
5665825 0.25
5672051 0.25
5694918 0.25
5699100 0.25
5708869 0.25
5744619 0.411765
5770033 0.411765
5812395 0.411765
5848415 0.411765
5876315 0.411765
5897514 0.411765
5900536 0.411765
5911004 0.411765
5914424 0.411765
5916445 0.411765
5920711 0.411765
5940133 0.411765
5943987 0.411765
5993234 0.411765
6032191 0.411765
6047090 0.411765
6066642 0.411765
6069408 0.411765
6073094 0.411765
6085794 0.411765
6168031 0.411765
6171067 0.411765
6244724 -0.136364
6291081 -0.136364
6309059 0.0625
6321085 0.25
6367165 -0.136364
6432541 -0.25
6434233 -0.25
6439874 0.75
6455047 0.75
6457035 0.75
6459205 0.75
6480521 0.75
6491950 0.25
6521814 0.25
6569730 0.75
6659597 0.5
6660911 -0.153846
6665524 0.5
6675123 0.5
6678376 0.5
6689402 0.5
6693850 0.5
6732449 0.4
6739968 4.16334e-17
6751411 0.4
6752903 0.4
6782296 0.4
6783549 0.4
6790840 0.452055
6796528 0.5
6837663 -1.12757e-16
6841404 0.5
6885750 -0.136364
6910146 0.5
6917737 0.5
6927775 0.5
6939367 0.594595
6945371 0.594595
6949300 0.594595
6958630 0.5
7001422 0.452055
7005027 4.16334e-17
7016690 4.16334e-17
7036937 4.16334e-17
7038889 4.16334e-17
7042553 0.107143
7043869 4.16334e-17
7052795 -1.12757e-16
7053947 -1.12757e-16
7058080 -1.12757e-16
7068549 -0.136364
7072266 -1.12757e-16
7082846 4.16334e-17
7086714 4.16334e-17
7089421 -1.12757e-16
7094505 0.107143
7121530 -1.12757e-16
7125085 -1.12757e-16
7126448 -1.12757e-16
7127877 -1.12757e-16
7131827 4.16334e-17
7133808 -1.12757e-16
7142327 0.047619
7145731 -0.2
7156501 -0.2
7161083 0.194631
7179467 0.194631
7231561 0.25
7243549 -0.25
7304049 -0.136364
7318905 0.25
7358153 -0.153846
7389740 -5.20417e-17
7403671 -5.20417e-17
7419158 -0.136364
7473258 -0.136364
7499673 -0.136364
7537533 0.5
7546286 0.5
7550103 0.5
7559664 0.25
7567313 0.393939
7574863 0.75
7588584 0.75
7591569 0.75
7595822 0.75
7598331 0.75
7605248 0.75
7620574 0.75
7632638 0.75
7635630 0.5
7645782 0.75
7648672 0.75
7653635 0.5
7657759 0.75
7661406 0.5
7670100 0.75
7684753 0.75
7687443 0.5
7690548 -5.20417e-17
7697771 -5.20417e-17
7702510 0.5
7733149 0.25
7742643 0.75
7743865 -5.20417e-17
7745745 -5.20417e-17
7769027 -5.20417e-17
7770888 -5.20417e-17
7778828 0.25
7780788 0.25
7788828 -5.20417e-17
7790735 -5.20417e-17
7793177 0.5
7803675 0.25
7812590 -5.20417e-17
7816920 0.25
7818689 -5.20417e-17
7827222 -0.0526316
7853665 0.25
7858163 -5.20417e-17
7869606 -5.20417e-17
7885360 -5.20417e-17
7888366 -5.20417e-17
7895194 0.25
7898267 0.5
7916324 0.25
7926855 0.25
7979163 0.411765
7987208 0.411765
8046868 0.107143
8049225 -0.0526316
8083401 0.107143
8086759 0.107143
8087965 0.107143
8093177 0.107143
8103192 0.107143
8105704 0.107143
8128472 0.107143
8153324 0.107143
8166820 0.107143
8173078 4.16334e-17
8198112 -0.25
8199307 -0.25
8200851 -0.25
8208581 -0.25
8212649 -0.25
8220226 0.107143
8279649 -0.136364
8304621 0.107143
8451063 0.107143
8453325 0.107143
8461806 0.107143
8515399 0.107143
8554284 0.107143
8578689 0.107143
8583548 -0.0185185
8593227 0.107143
8610908 0.107143
8620771 0.107143
8671170 -0.136364
8673050 -0.136364
8678412 -0.136364
8682725 0.107143
8701835 -0.136364
8710680 -0.136364
8721206 -0.136364
8740226 -0.136364
8751332 -0.25
8757180 -0.25
8758404 -0.25
8801405 -0.195652
8812549 -5.20417e-17
8829779 -0.195652
8857984 -0.195652
8863673 -0.25
8936943 0.047619
8961431 -0.136364
8968448 -0.136364
8976489 -0.136364
8983887 -0.136364
9054538 -1.12757e-16
9067087 -0.184211
9071581 -0.184211
9077472 -0.184211
9090050 -0.184211
9095476 -0.25
9100367 -0.0185185
9115636 -0.25
9138970 -5.20417e-17
9140772 -5.20417e-17
9158385 0.25
9161385 0.107143
9168219 0.25
9185752 0.25
9192660 0.25
9202882 0.25
9205168 0.107143
9209919 0.25
9212033 0.107143
9216048 0.25
9217723 0.25
9218888 0.25
9221948 0.107143
9223551 -0.25
9230082 0.107143
9264180 0.107143
9277790 -0.25
9279044 0.107143
9280920 0.107143
9285314 -0.25
9288046 0.107143
9303726 -0.25
9318589 -0.25
9322156 -0.25
9334878 -0.25
9350148 -0.25
9352439 -0.25
9372597 -0.25
9383632 0.411765
9387063 -0.25
9393364 -0.25
9401318 -0.25
9402560 -0.25
9404754 0.5
9410978 -0.25
9417700 -0.25
9423838 -0.25
9443026 -0.25
9445842 -0.25
9448385 -0.25
9468112 -0.25
9472515 -0.25
9482842 -0.25
9505141 -0.25
9508083 -0.25
9509216 -0.25
9522201 -0.25
9538469 -0.25
9539757 -0.25
9557248 0.107143
9607850 0.107143
9612343 -0.25
9652906 0.25
9661010 -0.25
9665525 0.25
9675568 0.107143
9677046 -0.25
9698080 0.107143
9699961 0.107143
9722426 -0.25
9731287 0.25
9748128 0.107143
9749617 0.107143
9757606 -0.25
9761015 -0.25
9763687 -0.25
9771204 -0.25
9775191 -0.25
9801616 -0.133737
9840775 -0.25
9845928 -5.20417e-17
9857324 -5.20417e-17
9879147 -0.25
9887588 0.25
9910421 0.411765
9917072 -0.25
9927090 -0.25
9928728 -0.25
9930644 0.411765
9933455 0.411765
9934665 -0.25
9941854 -0.25
9957356 0.411765
9964637 -0.25
9969313 0.25
9970978 -0.25
9983279 0.107143
9985687 -0.25
9987109 -0.25
9988269 0.107143
9989614 0.107143
10015757 -0.25
10019558 -0.25
10021612 -0.25
10027841 -0.25
10038465 -0.25
10042221 -0.25
10054605 -5.20417e-17
10069866 -0.25
10071973 -0.25
10078636 0.5
10102255 0.411765
10105562 0.107143
10128698 -0.25
10142301 -0.25
10147936 -5.20417e-17
10157105 0.5
10162587 0.5
10166664 0.5
10176737 0.5
10181520 0.5
10202621 -0.25
10213666 0.5
10280541 0.107143
10282830 0.107143
10300482 0.107143
10322116 -5.20417e-17
10328588 -5.20417e-17
10338778 -5.20417e-17
10352802 -5.20417e-17
10355513 -5.20417e-17
10405665 0.107143
10412088 0.107143
10414071 0.107143
10418136 0.107143
10421826 0.107143
10432715 0.107143
10439036 0.107143
10440211 0.107143
10510995 0.411765
10515768 0.411765
10520900 0.411765
10545687 0.411765
10551223 0.411765
10553131 0.411765
10554003 0.411765
10614912 -0.136364
10634218 -0.136364
10654259 -0.153846
10656339 -0.153846
10658031 -0.153846
10702955 -0.25
10734528 -0.136364
10743025 -0.25
10754448 -0.136364
10775937 -0.136364
10786069 -0.136364
10839318 -5.20417e-17
10861516 -0.136364
10873954 -0.136364
10879131 -0.136364
10882644 -0.136364
10887285 -0.136364
10908061 -0.136364
10909675 -0.136364
10948842 0.107143
10951484 0.107143
10958827 0.107143
10997639 -0.25
10998894 -0.25
11013909 -0.25
11021442 -0.25
11025278 -0.25
11062577 -0.136364
11072574 -0.136364
11088686 -0.136364
11108811 -0.136364
11111521 -0.136364
11139595 -0.136364
11190687 -0.136364
11195784 -0.136364
11201503 -0.25
11210413 -0.136364
11215567 -0.25
11230499 -0.136364
11232649 -0.136364
11251960 -5.20417e-17
11269100 -0.153846
11278361 -0.153846
11280882 -0.25
11284324 -5.20417e-17
11288843 -0.153846
11291299 -0.153846
11297254 -5.20417e-17
11299738 -0.136364
11302780 -0.184211
11310181 0.107143
11315300 -5.20417e-17
11402455 -0.25
11404032 -0.25
11436193 -0.136364
11441207 -0.136364
11513721 -0.25
11517600 -0.25
11519562 -0.25
11521334 -0.25
11571783 -0.25
11579174 -0.25
11584342 -0.25
11599443 -0.25
11605809 -0.25
11611591 -0.25
11640721 -0.25
11667788 -0.25
11673871 -0.25
11696303 -0.25
11698546 -0.136364
11732152 -0.136364
11742718 -0.25
11745113 -0.25
11819176 -0.136364
11827335 -0.25
11847603 -0.136364
11851788 -0.136364
11864924 -0.136364
11875647 -0.153846
12064630 -5.20417e-17
12096849 -5.20417e-17
12101875 -5.20417e-17
12106979 -5.20417e-17
12138544 -5.20417e-17
12149616 -5.20417e-17
12150934 -5.20417e-17
12156601 -5.20417e-17
12161036 -5.20417e-17
12182665 -5.20417e-17
12198372 -5.20417e-17
12201585 -5.20417e-17
12205372 -5.20417e-17
12222257 -5.20417e-17
12235819 -5.20417e-17
12239205 -5.20417e-17
12244858 -5.20417e-17
12248435 -5.20417e-17
12259761 -5.20417e-17
12264951 -5.20417e-17
12278417 -5.20417e-17
12283702 -5.20417e-17
12285420 -5.20417e-17
12301410 -5.20417e-17
12329168 -0.25
12338897 -5.20417e-17
12377566 -5.20417e-17
12381014 -5.20417e-17
12392883 -5.20417e-17
12397444 -5.20417e-17
12435063 -5.20417e-17
12437556 -5.20417e-17
12449925 -5.20417e-17
12452026 -5.20417e-17
12468764 -5.20417e-17
12486591 -5.20417e-17
12487895 -5.20417e-17
12496431 -5.20417e-17
12511472 -5.20417e-17
12519310 -5.20417e-17
12530308 -5.20417e-17
12551700 -5.20417e-17
12553029 -5.20417e-17
12561643 -5.20417e-17
12583426 -5.20417e-17
12595943 -5.20417e-17
12616256 -5.20417e-17
12632475 -5.20417e-17
12648491 -0.136364
12653152 -5.20417e-17
12664579 -0.136364
12671345 -0.136364
12674461 -0.136364
12717685 -0.136364
12743349 -0.153846
12745993 -0.136364
12747720 -0.25
12766961 -0.153846
12789693 -0.153846
12791533 -0.25
12810975 -5.20417e-17
12816590 -0.153846
12830256 -0.25
12879708 -0.25
12883590 -0.25
12885947 -0.25
12925527 -0.136364
12971833 -0.25
12989645 -5.20417e-17
12995712 -0.25
12997481 -0.25
12998745 -0.25
13002170 -0.25
13005924 -0.25
13007656 -0.25
13026950 -0.25
13029115 -0.25
13033502 -0.25
13088176 -0.25
13095664 -0.25
13104799 -0.25
13116982 0.107143
13128081 0.107143
13139858 0.107143
13141049 -0.136364
13163375 0.107143
13173376 0.107143
13198878 0.107143
13209175 0.107143
13210839 0.107143
13216666 0.107143
13223957 0.107143
13285194 -0.25
13325001 -5.20417e-17
13329373 -5.20417e-17
13331794 -5.20417e-17
13341734 -5.20417e-17
13376346 -5.20417e-17
13381785 -5.20417e-17
13405162 -5.20417e-17
13406883 -5.20417e-17
13424704 -5.20417e-17
13440994 -0.153846
13468020 -5.20417e-17
13471032 -5.20417e-17
13474418 -5.20417e-17
13538557 -5.20417e-17
13608271 -0.153846
13631553 -0.153846
13666730 0.107143
13675144 0.107143
13720214 -5.20417e-17
13726775 -5.20417e-17
13733399 -1.12757e-16
13737971 -5.20417e-17
13741541 -5.20417e-17
13755264 -5.20417e-17
13758954 -5.20417e-17
13788717 -5.20417e-17
13802933 -5.20417e-17
13807237 -5.20417e-17
13809793 -5.20417e-17
13816717 -5.20417e-17
13818275 -1.12757e-16
13843695 -5.20417e-17
13846179 -5.20417e-17
13848767 -5.20417e-17
13914857 -1.12757e-16
13927892 -5.20417e-17
13936785 -0.25
13947058 -0.25
13951416 -0.25
13997498 -5.20417e-17
14046975 -5.20417e-17
14064471 -5.20417e-17
14129270 -5.20417e-17
14136349 -5.20417e-17
14162257 -5.20417e-17
14172083 -5.20417e-17
14575245 -1.12757e-16
14737273 -5.20417e-17
14739216 -5.20417e-17
14741862 -5.20417e-17
14805828 -5.20417e-17
14867141 -5.20417e-17
14876073 -5.20417e-17
14877200 -5.20417e-17
14885298 -5.20417e-17
14887605 -5.20417e-17
14888935 -5.20417e-17
14892638 -5.20417e-17
14897889 -5.20417e-17
14909222 -5.20417e-17
14912225 -5.20417e-17
14925470 -5.20417e-17
14938044 -5.20417e-17
14945474 -5.20417e-17
14947141 -5.20417e-17
14950233 -5.20417e-17
14951419 4.16334e-17
14952897 -5.20417e-17
14978334 -5.20417e-17
14985738 -5.20417e-17
14987979 -5.20417e-17
14989997 -5.20417e-17
15000053 -0.136364
15009770 -5.20417e-17
15014923 -5.20417e-17
15021669 -5.20417e-17
15026597 -0.136364
15054897 -5.20417e-17
15057270 -5.20417e-17
15061710 -5.20417e-17
15068496 -5.20417e-17
15075659 -5.20417e-17
15083539 -5.20417e-17
15090276 -5.20417e-17
15091822 -5.20417e-17
15097790 -5.20417e-17
15101577 -5.20417e-17
15104417 0.166667
15106468 -5.20417e-17
15115318 -5.20417e-17
15116695 -5.20417e-17
15123916 -5.20417e-17
15126086 -5.20417e-17
15132317 -5.20417e-17
15144766 -5.20417e-17
15146850 -5.20417e-17
15149790 -5.20417e-17
15156900 -5.20417e-17
15158714 -5.20417e-17
15164124 -5.20417e-17
15172020 -5.20417e-17
15175128 -5.20417e-17
15188993 -5.20417e-17
15190979 -5.20417e-17
15194711 -5.20417e-17
15202628 -5.20417e-17
15203972 -5.20417e-17
15216300 -5.20417e-17
15236666 -5.20417e-17
15241169 -5.20417e-17
15246573 -5.20417e-17
15285210 -5.20417e-17
15287000 -5.20417e-17
15297542 -5.20417e-17
15301424 -5.20417e-17
15303698 -5.20417e-17
15307501 -0.153846
15349242 -5.20417e-17
15350736 -5.20417e-17
15353249 -5.20417e-17
15357384 -5.20417e-17
15361001 -5.20417e-17
15365223 -5.20417e-17
15367795 -5.20417e-17
15381274 -5.20417e-17
15384462 -5.20417e-17
15393754 -5.20417e-17
15411778 -5.20417e-17
15420057 -0.153846
15423931 -5.20417e-17
15428524 -5.20417e-17
15433966 -0.153846
15447411 -0.153846
15455124 -5.20417e-17
15458040 -5.20417e-17
15460858 -0.153846
15467750 0.166667
15479686 -0.153846
15487545 -5.20417e-17
15488988 -0.25
15492028 -0.25
15510303 -0.25
15517297 -0.25
15531186 -5.20417e-17
15537239 -0.153846
15538935 -0.25
15549439 -0.25
15551120 -0.25
15555689 -5.20417e-17
15558868 -5.20417e-17
15570325 -5.20417e-17
15572097 -5.20417e-17
15576260 -5.20417e-17
15578548 -5.20417e-17
15580421 -5.20417e-17
15583423 -5.20417e-17
15585205 -5.20417e-17
15588540 -5.20417e-17
15592059 -5.20417e-17
15615596 -0.136364
15616872 -0.136364
15625199 -5.20417e-17
15642145 -5.20417e-17
15647796 -0.136364
15662627 -0.25
15663774 -0.25
15673340 -5.20417e-17
15674592 -0.25
15680125 -5.20417e-17
15694109 -5.20417e-17
15702345 -0.25
15704662 -0.136364
15708709 -0.25
15712152 -0.25
15718227 -5.20417e-17
15722532 -5.20417e-17
15728257 -0.25
15735835 -0.136364
15743854 -0.25
15749424 -0.25
15750598 -0.25
15751923 0.0625
15754619 -5.20417e-17
15758246 -5.20417e-17
15761789 -0.25
15763131 -5.20417e-17
15766921 -0.25
15768186 -5.20417e-17
15771590 -0.25
15792866 -5.20417e-17
15807135 -0.25
15844069 -5.20417e-17
15860192 -0.184211
15863237 -0.0185185
15865831 -0.0185185
15888277 4.16334e-17
15891639 -0.195652
15905058 0.274194
15919875 -0.264368
15923817 -0.195652
15928134 -0.2
15934658 -5.20417e-17
15941984 -5.20417e-17
15962086 -0.195652
15976419 -0.136364
15977643 -0.195652
15979942 -0.195652
16011157 -5.20417e-17
16016555 -5.20417e-17
16018532 -5.20417e-17
16086379 -5.20417e-17
16431045 -0.136364
16541484 -5.20417e-17
16562438 -5.20417e-17
16607234 -5.20417e-17
16617402 -5.20417e-17
16673056 -5.20417e-17
16744648 0.107143
16756691 -5.20417e-17
16773616 0.411765
16779503 0.107143
16793311 0.274194
16802530 0.274194
16812589 0.171067
16853942 0.274194
16861461 0.0625
16865690 -5.20417e-17
16872874 -5.20417e-17
16882565 0.107143
16893100 0.274194
16927781 -5.20417e-17
16961359 -5.20417e-17
16968235 -0.0185185
16979563 -0.0185185
17028544 0.274194
17157582 0.107143
17358952 0.107143
17568067 0.107143
17620718 0.274194
17674968 0.274194
17846447 0.274194
18014946 0.274194
18049125 0.274194
18277563 4.16334e-17
18316141 -0.136364
18402614 4.16334e-17
18477134 -0.280992
18579289 4.16334e-17
18659124 4.16334e-17
18685050 4.16334e-17
18897178 4.16334e-17
19038091 4.16334e-17
19290888 4.16334e-17
19739205 4.16334e-17
19841923 4.16334e-17
19962490 4.16334e-17
20129090 4.16334e-17
20222763 -0.136364
20483171 -0.136364
20508473 -0.0526316
20695319 -0.2
20742844 4.16334e-17
20773277 -0.25
20800727 -0.2
20825893 -0.0526316
20877937 -0.2
20958170 -0.2
21160268 -0.2
21208519 -0.2
21288356 -0.2
21324928 -0.264368
21357562 -0.254603
21391909 -0.2
21440695 -0.25
21507513 -0.2
21576621 -5.20417e-17
21607906 -0.2
21970286 -0.25
22168510 -0.2
22219783 -0.2
22264427 -0.2
22289529 -0.2
22334924 -0.2
22425565 -0.2
22579317 -0.2
22732972 -0.264368
22893659 -5.20417e-17
22972091 -0.2
23013660 -0.2
23210523 -0.2
23252826 -0.2
23411662 -0.2
23457107 -0.257962
23587623 -0.2
23633152 -0.2
23672238 -0.0185185
23939092 -0.2
24122202 -0.2
24160945 -0.2
24268433 -0.2
24340780 -0.25
24378529 -0.25
24413021 -0.2
24530531 -0.2
24562205 -0.153846
24616350 -0.2
24862605 -0.264368
24919771 -5.20417e-17
25043408 -5.20417e-17
25070444 -0.2
25127789 -0.2
25171571 -0.2
25234404 -0.264368
25298377 -0.2
25370131 -0.2
25414843 -0.2
25503545 -0.2
25549974 -0.2
25607247 -0.264368
25814374 -5.20417e-17
25918589 -5.20417e-17
26082443 -0.2
26165657 -0.2
26292564 -0.2
26373771 -0.264368
26437536 -0.2
26474228 -0.2
26554795 -0.2
26699141 -0.25
26814872 -0.2
26959702 -0.153846
27262506 -0.2
27308903 -0.2
27564960 -0.2
27660559 -0.2
28507861 -0.2
28921320 -0.2
29295248 -0.2
29416108 -0.2
29779387 -0.2
29875832 -0.153846
29975057 -0.25
30372493 -0.153846
30582930 -0.2
30700623 -0.2
30961049 -0.153846
31169128 -0.2
31252842 -0.2
31460738 -0.2
32159172 -0.2
32199509 -0.25
32290603 -0.2
32344169 -0.2
32450913 -0.25
32480047 -0.2
32629632 -0.153846
32710699 -0.25
32774296 -0.2
32842109 -0.2
32901563 -0.2
32933379 -0.2
32988573 -5.20417e-17
33157864 -5.20417e-17
33456771 -5.20417e-17
33488303 -0.2
33545797 -5.20417e-17
33622432 -5.20417e-17
33817609 -5.20417e-17
34552298 -0.25
34848274 -0.2
34886627 -0.2
34986377 -0.25
35019563 -0.2
35122803 -0.2
35234802 -0.25
35394006 -5.20417e-17
35588185 -0.2
35807218 -0.195652
35902455 -0.153846
35938503 -0.0185185
36071319 0.107143
36124627 -0.0185185
36250135 -0.0185185
36329398 -0.0185185
36395174 -5.20417e-17
36546610 -5.20417e-17
36605337 -0.00515464
36669899 -0.0185185
36760650 -0.0185185
36824503 -0.00515464
36882475 -5.20417e-17
37007571 0.107143
37104658 -0.153846
37204613 -0.184211
37387010 -5.20417e-17
37752199 -5.20417e-17
38447399 -5.20417e-17
38838846 -5.20417e-17
39861548 -5.20417e-17
39888358 -0.25
39945568 -5.20417e-17
39981697 -5.20417e-17
40010479 -0.2
40083805 -0.195652
40336111 -0.264368
40566360 -5.20417e-17
40633726 -0.25
40728260 -0.195652
40785757 -0.136364
40815708 -0.136364
40841088 -5.20417e-17
40905386 -0.25
41545455 -0.136364
41597149 -0.184211
41622105 -0.184211
41647203 -0.184211
41737729 -0.184211
41786816 -0.264368
41824556 -0.184211
41863069 -0.2
42040317 -0.136364
42113129 -1.12757e-16
42175438 -0.25
42284792 -0.153846
42329601 -0.25
42471090 -0.25
42530632 -0.195652
42982853 -0.184211
43106100 -5.20417e-17
43192745 -0.136364
43260719 -0.333333
43327426 -0.105769
43466339 -0.195652
43631120 -5.20417e-17
43670818 -0.226415
43757793 0.25
43772952 0.194631
44130923 -0.184211
44442914 -0.0526316
44556639 -0.264368
44584176 -5.20417e-17
44647673 -0.2
44693312 -0.153846
44819032 -0.2
44916520 4.16334e-17
45111277 4.16334e-17
45403220 -0.2
45502629 -0.2
45536991 -0.2
45553589 -0.2
45560807 -0.2
45655557 4.16334e-17
45679646 4.16334e-17
45728970 4.16334e-17
45731853 -5.20417e-17
45754188 -5.20417e-17
45764616 -0.2
45827420 -5.20417e-17
45831121 -5.20417e-17
45838862 -5.20417e-17
46181926 -0.2
46192294 -0.2
46196127 0.107143
46230561 -0.2
46245702 -0.2
46256735 -0.25
46299552 -5.20417e-17
46305222 -0.25
46324641 -5.20417e-17
46330139 -0.2
46338724 -0.153846
46350013 -0.2
46366927 -0.2
46391004 -0.264368
46396350 -0.2
46403924 -0.2
46410866 -0.2
46458753 -0.2
46475204 -0.153846
46479769 -0.2
46509136 -5.20417e-17
46511859 -0.2
46543809 -0.2
46557607 -0.2
46580806 -5.20417e-17
46633501 -5.20417e-17
46693979 -0.2
46695426 -0.2
46715095 -0.264368
46740732 -5.20417e-17
46743306 0.25
46745706 -5.20417e-17
46777686 -0.226415
46779250 0.166667
46786380 -5.20417e-17
46801411 -0.264368
46812919 -0.2
46818431 -5.20417e-17
46820510 -0.2
46825590 -0.2
46828536 -0.2
46829780 -0.2
46836458 -0.2
46838988 -0.25
46851867 -0.2
46853164 -0.2
46886070 -0.153846
47075653 -0.153846
47172538 -0.2
47218188 -5.20417e-17
47221063 -5.20417e-17
47228854 -0.2
47230430 -5.20417e-17
47235052 -5.20417e-17
47248067 -0.2
47249387 -0.264368
47257859 0.25
47259418 -0.153846
47261356 -0.153846
47265017 -5.20417e-17
47267824 -0.2
47270296 -0.153846
47273286 -0.153846
47275105 -0.2
47285187 -5.20417e-17
47287210 -0.153846
47290918 -0.264368
47293197 -0.153846
47294673 -0.2
47297598 -0.153846
47306947 -0.2
47308175 -0.153846
47314161 -0.2
47316459 -5.20417e-17
47323143 -5.20417e-17
47324767 0.25
47326917 -0.2
47329128 -5.20417e-17
47343096 0.25
47347957 0.25
47349730 0.25
47355281 -0.2
47365659 -5.20417e-17
47370160 -0.136364
47371702 0.166667
47380783 -0.153846
47382548 -0.153846
47383852 0.25
47398185 -0.153846
47400441 -0.264368
47401938 -0.264368
47409781 -0.2
47414042 -0.153846
47418037 0.166667
47425183 -0.153846
47429081 -0.153846
47443205 -0.153846
47449082 -0.264368
47450371 -0.0526316
47452452 -0.264368
47455628 0.25
47457761 -0.153846
47465068 0.107143
47471665 0.25
47476421 0.25
47478799 -0.153846
47480530 -0.136364
47485844 -0.264368
47489146 -0.2
47499372 -0.2
47509927 -0.2
47516926 -0.2
47525655 -0.153846
47538275 -0.00515464
47546170 -0.00515464
47547680 0.194631
47556174 -0.136364
47560007 0.25
47561200 -0.195652
47562605 -0.264368
47564686 -5.20417e-17
47565847 -0.2
47567641 -5.20417e-17
47569884 -5.20417e-17
47576378 -5.20417e-17
47578295 -0.153846
47580460 -5.20417e-17
47583089 -5.20417e-17
47584714 -0.2
47586865 -5.20417e-17
47592334 -5.20417e-17
47596871 -0.153846
47598475 -5.20417e-17
47605841 -0.264368
47611028 -0.2
47615615 -0.2
47620267 -5.20417e-17
47622316 -0.153846
47632632 -0.25
47634895 -0.136364
47640937 0.25
47650815 -0.153846
47652485 0.25
47653982 0.25
47679392 -0.153846
47693099 0.25
47711528 -0.136364
47716728 4.16334e-17
47726841 0.166667
47728523 -0.25
47732356 4.16334e-17
47734759 0.25
47743866 -0.280992
47757797 -0.136364
47803670 -0.184211
47812958 -0.136364
47833357 -0.25
47840069 -1.12757e-16
47862876 -0.184211
47865665 -0.184211
47867766 -0.184211
47869539 -0.184211
47871619 -0.184211
47874797 -0.184211
47875935 -0.184211
47879917 -0.25
47882998 -0.184211
47889747 -0.184211
47893020 -0.184211
47897492 -0.184211
47900426 -0.184211
47927936 -0.184211
47936538 -5.20417e-17
47938209 -0.184211
47968341 0.166667
47975297 -0.184211
47985923 -5.20417e-17
47988148 -0.184211
47997601 -0.184211
48022944 -5.20417e-17
48034301 -5.20417e-17
48039766 0.166667
48046189 -0.280992
48062212 -0.184211
48064601 -0.184211
48084892 -5.20417e-17
48101112 0.166667
48135543 0.166667
48137601 -0.25
48144839 -0.280992
48152944 -0.280992
48157747 -5.20417e-17
48159983 0.0625
48161636 0.166667
48165243 0.166667
48193117 -0.25
48194557 -0.25
48195719 -0.25
48211214 -0.184211
48223612 -0.25
48235756 -5.20417e-17
48256093 -0.25
48264207 -0.25
48283039 -5.20417e-17
48335392 -5.20417e-17
48361099 0.117647
48363862 -0.195652
48414067 -0.153846
48418166 -5.20417e-17
48438240 -5.20417e-17
48460246 -0.25
48472662 -0.226415
48477165 -0.226415
48484787 -5.20417e-17
48487748 -5.20417e-17
48490833 -5.20417e-17
48509420 -0.264368
48537095 0.393939
48542303 -0.153846
48558119 0.25
48560851 -0.2
48562471 -0.2
48586132 -0.2
48592849 -0.25
48643916 0.107143
48649374 0.411765
48651637 -0.136364
48654863 0.107143
48660151 0.107143
48664536 0.411765
48676914 0.107143
48681031 0.107143
48683713 0.107143
48686954 0.107143
48724156 -0.136364
48751452 0.411765
48755154 -0.136364
48760342 -0.136364
48761789 0.411765
48776648 0.25
48778238 0.25
48783618 0.25
48789982 0.25
48791392 0.25
48805591 0.25
48817832 -5.20417e-17
48820629 -5.20417e-17
48822129 -5.20417e-17
48841245 -0.136364
48853915 0.107143
48855521 -0.136364
48875445 -5.20417e-17
48877084 -5.20417e-17
48878913 -5.20417e-17
48893650 -5.20417e-17
48900659 0.25
48904806 -5.20417e-17
48911478 0.25
48930280 -5.20417e-17
48949942 -5.20417e-17
48983079 -0.0526316
49016397 0.107143
49023079 -0.136364
49033705 -0.153846
49036383 -0.153846
49037659 -5.20417e-17
49042335 0.107143
49043710 -0.153846
49046809 -5.20417e-17
49050145 -0.25
49053056 -0.25
49064449 0.107143
49099983 -0.136364
49106585 -0.25
49108625 -0.2
49125394 0.107143
49139636 0.107143
49152173 0.107143
49161579 0.107143
49164769 0.107143
49198505 0.107143
49209407 0.107143
49223239 0.107143
49227494 0.107143
49230170 0.107143
49240487 0.107143
49243581 0.107143
49250019 0.107143
49288868 0.107143
49313531 0.107143
49330218 0.107143
49348764 0.107143
49362465 0.107143
49375607 0.107143
49378186 0.107143
49389783 0.107143
49402522 0.107143
49406563 0.107143
49408317 0.107143
49412391 0.107143
49446994 0.107143
49453422 0.107143
49459430 0.107143
49477839 -0.226415
49487693 -0.25
49492500 0.411765
49494472 0.150295
49496806 0.107143
49513201 -0.25
49516896 0.107143
49521249 -0.136364
49529129 0.107143
49538300 -0.136364
49539655 -0.136364
49541508 -0.136364
49542963 -0.136364
49544194 -0.136364
49568824 -0.25
49573462 -0.136364
49575186 0.107143
49576709 -0.136364
49580925 -0.136364
49591036 -0.25
49595974 0.107143
49600186 -0.25
49604030 0.107143
49605463 -0.25
49608746 -0.25
49610673 -0.25
49613752 -0.25
49617177 -0.25
49623761 -0.25
49625152 -0.25
49628896 0.107143
49630747 -5.20417e-17
49632422 -0.25
49634171 -0.25
49639516 0.107143
49652315 0.107143
49655960 -0.25
49657138 0.107143
49677701 -0.25
49733535 -0.136364
49738611 0.107143
49753321 -5.20417e-17
49754496 0.107143
49756248 -5.20417e-17
49765244 0.5
49775547 0.5
49778462 -5.20417e-17
49786387 0.5
49789500 -5.20417e-17
49790683 -5.20417e-17
49796154 -5.20417e-17
49810936 0.5
49816600 0.5
49824831 0.5
49826592 0.107143
49829415 0.107143
49834417 0.107143
49835624 0.107143
49858926 -5.20417e-17
49881585 0.107143
49892483 -5.20417e-17
49895276 0.107143
49896839 0.107143
49900488 0.107143
49902462 -5.20417e-17
49935568 0.107143
49943274 0.107143
49982133 0.107143
50018434 0.2
50019688 0.107143
50021905 0.107143
50041669 -5.20417e-17
50044525 -5.20417e-17
50051673 -5.20417e-17
50052989 -5.20417e-17
50055940 -5.20417e-17
50058291 -5.20417e-17
50094377 0.107143
50103701 0.107143
50111513 0.107143
50113680 0.107143
50168578 0.189189
50231428 -0.25
50252306 0.411765
50359609 0.25
50365933 -0.153846
50368698 -0.153846
50381296 -0.136364
50389571 -0.136364
50411654 -0.136364
50414724 0.411765
50439117 -0.25
50442785 -0.25
50451755 -0.25
50489655 -0.25
50499617 0.25
50502875 0.25
50512068 -0.25
50521062 -0.25
50558881 0.107143
50569200 0.25
50577999 0.25
50584269 0.107143
50651238 -0.136364
50659328 -0.153846
50688920 0.107143
50697627 0.107143
50705608 0.5
50721694 -0.136364
50728936 -0.136364
50775531 -0.136364
50857871 -5.20417e-17
50859182 -5.20417e-17
50864723 -5.20417e-17
50882094 -5.20417e-17
50888956 -5.20417e-17
50927269 0.25
50945685 -5.20417e-17
50952600 -5.20417e-17
50955781 -5.20417e-17
50968514 0.25
50989218 -0.136364
50992522 -0.136364
50993879 -0.25
50996082 -0.25
50998218 -0.25
51002004 -0.264368
51008987 -0.136364
51036042 -0.25
51043318 -0.25
51075998 -0.153846
51078336 -0.153846
51087959 -0.153846
51102308 -0.264368
51105174 -0.136364
51108116 0.25
51109429 -0.136364
51116571 -0.136364
51132707 -0.136364
51137521 -0.25
51149309 0.25
51151097 -0.136364
51153455 -0.136364
51156151 -0.2
51166597 -0.136364
51167916 0.25
51171531 -0.136364
51189350 -0.2
51192831 -0.153846
51215281 -0.153846
51222561 -5.20417e-17
51229254 -0.153846
51234851 -0.25
51240007 -0.25
51241958 -0.25
51244423 -0.25
51246276 -0.25
51252823 -0.25
51313635 -0.25
51321725 -0.25
51331219 -0.25
51332501 -0.25
51334171 -0.153846
51336317 -5.20417e-17
51345039 -0.25
51347126 -0.25
51353654 -0.25
51521075 -0.25
51553804 -0.25
51565010 -0.25
