13090 -0.264368
34320 -0.264368
35655 -0.25
41476 -0.25
60307 -0.25
70932 -0.25
74859 -5.20417e-17
79200 -0.25
86971 -0.25
95920 -0.25
97490 -0.25
100513 -0.25
101462 -0.25
102882 -0.264368
104480 -0.25
114805 -0.2
133118 -0.264368
137239 -0.25
138521 -0.153846
139928 -0.153846
159985 -0.25
162185 -0.25
164715 -0.25
170637 -0.25
198520 -0.25
201886 -0.25
204698 -0.25
228937 -0.25
235090 -0.153846
247047 -0.25
274518 -0.25
283257 -0.25
285638 -0.25
295421 -0.25
296908 -0.25
298020 -0.25
299239 -0.25
300991 -0.25
303421 -0.25
320041 -0.25
323704 -0.25
327638 -0.25
356091 -0.153846
361425 -0.153846
379408 -0.153846
382194 -0.153846
384226 -0.153846
384968 -0.153846
386447 -0.153846
387238 -0.153846
390383 -0.264368
391749 -0.153846
394306 -0.153846
396218 -0.153846
399307 -0.153846
402985 -0.153846
411095 -0.153846
434750 -0.153846
486741 0.25
637802 0.25
899624 0.25
913509 0.25
985242 0.25
986578 0.25
1005395 -5.20417e-17
1061274 -5.20417e-17
1109881 0.25
1112184 0.25
1194840 -0.25
1258943 0.25
1260003 0.25
1260822 0.25
1295236 -0.264368
1296386 -0.153846
1305626 -5.20417e-17
1308423 -5.20417e-17
1341384 -0.25
1350020 0.25
1357182 0.25
1358677 -0.25
1368732 -0.25
1430399 -1.12757e-16
1431551 -5.20417e-17
1451244 -5.20417e-17
1471348 -0.25
1489781 -0.153846
1498023 -5.20417e-17
1500606 -5.20417e-17
1520036 -0.25
1522499 -0.25
1523658 -0.25
1533772 -0.25
1551808 -0.25
1563455 -0.25
1564821 -0.25
1569350 -0.25
1573213 -0.0526316
1576261 -0.25
1583629 -0.25
1592701 -0.25
1597065 -0.25
1610380 -0.25
1611595 -0.25
1618650 -0.25
1621536 -0.25
1625959 -0.25
1629041 -0.25
1636754 -0.25
1637857 -0.25
1640148 -0.25
1646904 -0.25
1649359 -0.25
1667642 -0.25
1676683 -0.25
1687775 -0.25
1688742 -0.25
1691547 -0.25
1701233 -0.25
1703866 -0.25
1713412 -0.25
1716041 -0.25
1721140 -0.25
1725360 -5.20417e-17
1726943 -0.25
1736839 -5.20417e-17
1741187 -5.20417e-17
1762831 -5.20417e-17
1763950 -5.20417e-17
1772720 -5.20417e-17
1787864 -5.20417e-17
1799000 -5.20417e-17
1801000 -5.20417e-17
1816362 -5.20417e-17
1825372 -5.20417e-17
1832036 -5.20417e-17
1840331 -5.20417e-17
1859719 -5.20417e-17
1861489 -0.25
1863866 -0.25
1879299 -5.20417e-17
1884484 -5.20417e-17
1898615 -5.20417e-17
1929866 -5.20417e-17
1950911 0.107143
1953870 0.107143
1959037 0.107143
2272480 -0.25
2321725 -5.20417e-17
2336659 -5.20417e-17
2342480 -0.25
2354186 -5.20417e-17
2354961 -5.20417e-17
2356106 -5.20417e-17
2367530 -0.25
2403707 -0.136364
2407361 -5.20417e-17
2410620 0.107143
2413324 -0.136364
2414360 -0.136364
2420525 -0.136364
2428113 -0.25
2431564 -0.136364
2434861 -0.136364
2435629 -0.136364
2475944 -0.25
2521911 0.25
2539863 -5.20417e-17
2544764 -0.136364
2546899 -0.136364
2548399 -5.20417e-17
2552888 0.25
2602942 0.25
2643391 0.0625
2667980 0.25
2674849 0.25
2696720 0.5
2728588 0.5
2732986 -0.25
2739316 0.5
2766664 -0.153846
2772246 -0.153846
2793515 0.25
2801357 -0.153846
2810345 0.25
2826158 -0.153846
2827411 -0.153846
2835434 -0.153846
2847187 -0.136364
2849579 -0.136364
2850338 -0.153846
2863554 0.25
2912418 0.25
2919662 0.25
2923452 0.25
2925450 0.25
2947272 0.25
2949920 0.25
2954484 -0.153846
2959470 -0.153846
2975872 -0.184211
2976800 -0.0185185
2979888 0.25
3022299 -0.136364
3025367 -0.136364
3027287 -0.136364
3031911 -0.136364
3056476 -0.153846
3061230 -0.153846
3064804 -0.136364
3084927 -0.136364
3086166 -0.136364
3092830 -0.136364
3124736 -5.20417e-17
3132502 -5.20417e-17
3155977 -5.20417e-17
3200530 -5.20417e-17
3203673 -5.20417e-17
3253839 -5.20417e-17
3258501 -5.20417e-17
3271365 -5.20417e-17
3281243 -5.20417e-17
3304152 -5.20417e-17
3345455 -5.20417e-17
3362395 0.25
3388412 -5.20417e-17
3399101 -5.20417e-17
3450064 -0.136364
3533277 -5.20417e-17
3555741 -5.20417e-17
3557974 0.25
3559844 -5.20417e-17
3566872 0.25
3585175 0.25
3587595 -5.20417e-17
3619223 0.25
3622091 0.25
3682270 0.25
3726463 0.25
3788226 -5.20417e-17
3796947 -0.136364
3812809 -5.20417e-17
3816293 -5.20417e-17
3819548 -5.20417e-17
3821993 0.25
3852285 -0.136364
3868599 -0.136364
3871263 -0.136364
3905889 -0.136364
3921635 -0.136364
3933143 -0.136364
3937698 -0.136364
3938560 -0.136364
3940219 -0.136364
3982748 -0.136364
4054598 0.107143
4070366 0.107143
4071563 0.107143
4074144 0.107143
4293433 -0.153846
4296620 -0.153846
4299251 -0.153846
4300420 -0.153846
4302487 -0.25
4306664 -0.153846
4307730 -0.25
4312645 -0.136364
4337747 -5.20417e-17
4360492 -0.25
4364273 -0.136364
4370165 -5.20417e-17
4375029 -0.25
4378162 -0.25
4380977 -0.25
4426820 -0.25
4437072 -5.20417e-17
4440275 -5.20417e-17
4453096 -5.20417e-17
4462408 -5.20417e-17
4463667 0.107143
4466503 -5.20417e-17
4476121 -5.20417e-17
4501001 -5.20417e-17
4504949 -5.20417e-17
4518995 -5.20417e-17
4542938 -5.20417e-17
4543954 -5.20417e-17
4557519 -5.20417e-17
4567880 -5.20417e-17
4573543 -5.20417e-17
4582656 -5.20417e-17
4606126 -5.20417e-17
4625742 -5.20417e-17
4685254 -5.20417e-17
4693553 -5.20417e-17
4700861 -5.20417e-17
4707937 -5.20417e-17
4729122 -5.20417e-17
4730493 -5.20417e-17
4735677 -5.20417e-17
4739950 -5.20417e-17
4744241 -5.20417e-17
4854677 -0.25
4856621 -0.195652
4873780 -0.25
4874702 -0.136364
4875686 -0.25
4877018 -0.226415
4897943 0.25
4931753 -0.136364
4935328 -0.136364
4936673 -0.25
4952453 -0.136364
4965240 -0.25
4978857 -0.25
5009965 -1.12757e-16
5033510 -5.20417e-17
5050221 -5.20417e-17
5053689 -5.20417e-17
5055270 -5.20417e-17
5059662 -5.20417e-17
5088679 -1.12757e-16
5107286 -5.20417e-17
5129873 -5.20417e-17
5133250 -5.20417e-17
5135122 -5.20417e-17
5137189 -5.20417e-17
5142598 -5.20417e-17
5143372 -5.20417e-17
5165908 -5.20417e-17
5176906 -5.20417e-17
5223380 -5.20417e-17
5248596 -5.20417e-17
5287413 -5.20417e-17
5293232 -5.20417e-17
5369094 0.25
5372319 0.25
5383477 0.25
5428213 -0.136364
5457849 0.25
5503867 -0.153846
5517151 -0.136364
5519433 -0.136364
5571386 -0.153846
5581711 -0.153846
5587699 -0.153846
5589416 -0.136364
5593545 -0.153846
5613163 -0.153846
5615284 -0.153846
5616961 -0.153846
5640875 0.25
5680259 -0.280992
5683202 -0.136364
5684875 0.194631
5777312 -0.153846
5799540 -5.20417e-17
5887013 -0.136364
5943543 0.25
5948841 0.166667
6042142 0.25
6045436 0.25
6096386 -5.20417e-17
6105250 -5.20417e-17
6107738 0.107143
6110556 0.107143
6120045 -5.20417e-17
6162216 0.107143
6187732 -0.136364
6207668 -5.20417e-17
6213552 0.107143
6222257 -0.25
6227809 -5.20417e-17
6235470 -5.20417e-17
6257536 -5.20417e-17
6282371 0.107143
6285479 -5.20417e-17
6289555 -5.20417e-17
6294026 0.107143
6309658 0.107143
6312171 -5.20417e-17
6314120 -5.20417e-17
6326743 -0.136364
6346200 -0.136364
6553905 0.107143
6558870 -0.25
6567553 -0.136364
6568745 0.107143
6570336 -0.25
6571305 -5.20417e-17
6572164 -5.20417e-17
6578335 -5.20417e-17
6596638 0.107143
6621540 0.107143
6630109 -0.25
6643454 0.107143
6654559 0.107143
6664084 0.107143
6706066 -0.25
6771675 0.107143
6795058 -0.25
6827357 -0.25
6858504 -0.136364
6868983 -0.136364
6871009 -0.136364
6872849 -0.136364
6877134 -0.136364
6883739 -0.136364
6885005 -0.136364
6896309 -0.136364
6929142 0.411765
6933641 0.411765
6935243 0.411765
6937297 0.411765
6948002 0.411765
6965006 0.411765
6965885 0.411765
6968037 0.411765
7008184 0.411765
7009230 0.411765
7015150 0.411765
7021763 0.411765
7026287 0.411765
7030639 0.411765
7176290 -0.25
7187592 -0.2
7228568 0.5
7229931 0.5
7244545 0.5
7257702 0.5
7265131 0.5
7272893 0.5
7294330 0.5
7295336 0.5
7302240 0.5
7326244 0.5
7329031 0.5
7372827 -5.20417e-17
7396328 -5.20417e-17
7409232 -0.25
7410540 -0.25
7413087 -0.25
7441554 -0.25
7452233 -0.136364
7456951 -0.25
7471383 -5.20417e-17
7480159 -0.25
7488157 -0.25
7490192 -0.136364
7491578 -0.136364
7493443 -0.153846
7501838 -0.153846
7511411 0.25
7518001 0.25
7519857 0.25
7523163 0.25
7524608 0.0316901
7526182 0.25
7527409 0.25
7535070 -0.136364
7539476 -0.136364
7542774 -0.136364
7545384 -0.136364
7553442 -0.25
7560809 -0.136364
7565829 -0.25
7575119 -0.25
7585214 -0.136364
7592916 -0.195652
7604878 -0.153846
7608518 -0.153846
7612332 -0.153846
7618884 -0.153846
7624878 0.107143
7635534 0.107143
7658217 -0.25
7666029 -5.20417e-17
7680132 -0.153846
7681108 -0.136364
7681972 -0.153846
7683810 -0.153846
7688668 -0.153846
7715342 -0.153846
7722217 -5.20417e-17
7726777 -0.153846
7742477 -5.20417e-17
7744265 -0.153846
7747453 -0.153846
7748921 -0.153846
7760393 0.107143
7765850 -5.20417e-17
7768569 -5.20417e-17
7784724 -0.153846
7788826 -0.153846
7792291 -5.20417e-17
7794087 -0.153846
7795526 -0.153846
7796897 -0.153846
7822994 -0.153846
7825813 -0.153846
7826766 -5.20417e-17
7828040 0.107143
7849774 -0.153846
7851054 -0.153846
7856141 -0.153846
7856911 -0.153846
7878015 0.107143
7879148 0.107143
7882870 0.107143
7885220 0.107143
7901348 -0.136364
7905586 0.107143
7909313 -5.20417e-17
7910767 -5.20417e-17
7914714 -0.136364
7916829 0.107143
7933817 -5.20417e-17
7944616 -5.20417e-17
7962736 0.107143
7965560 -0.136364
7979589 0.107143
7981513 -0.136364
7984720 -5.20417e-17
7985838 -0.136364
8008387 -0.226415
8014224 -0.136364
8015008 -0.136364
8026492 -0.136364
8048839 0.25
8060927 -0.136364
8068745 0.5
8070625 0.5
8074271 0.107143
8084137 -5.20417e-17
8087634 -0.136364
8094121 0.25
8103820 0.107143
8112526 -0.153846
8134360 -5.20417e-17
8142787 -0.136364
8145827 0.411765
8148908 0.411765
8155077 0.25
8161637 0.25
8162948 0.25
8179032 -0.25
8180631 -0.136364
8197236 0.107143
8198680 0.25
8209630 -5.20417e-17
8220590 -5.20417e-17
8276643 -5.20417e-17
8290650 0.25
8293030 0.25
8341861 -0.136364
8344467 0.25
8368813 0.25
8374885 -0.136364
8390393 -0.25
8404328 -0.136364
8429376 0.25
8431422 0.25
8433168 -0.136364
8435016 -5.20417e-17
8436608 0.25
8488790 0.25
8491798 0.25
8492712 0.25
8501277 -5.20417e-17
8505744 -0.136364
8506856 0.333333
8509740 0.25
8511733 -0.25
8521188 -0.136364
8522073 0.25
8527813 -0.25
8542932 -0.136364
8543929 -0.136364
8558331 -5.20417e-17
8571819 -0.136364
8576486 0.0625
8597497 0.25
8704236 0.25
8733118 0.25
8771916 0.25
8803377 0.25
8838895 0.25
9006783 -0.136364
9087671 -0.136364
9183887 -0.226415
9269700 -0.136364
9302117 -0.136364
9380499 -5.20417e-17
9413853 0.25
9526378 0.25
9609002 0.25
9643786 0.25
9764601 -0.25
9809526 0.25
9844961 -0.25
9871390 0.25
9909732 0.25
9950892 0.0625
10058192 0.25
10127118 -5.20417e-17
10350380 -5.20417e-17
10412660 -5.20417e-17
10664061 0.25
10893529 -5.20417e-17
10961849 -0.136364
11027240 -5.20417e-17
11084366 -5.20417e-17
11137366 -5.20417e-17
11254035 -0.136364
11355829 0.25
11487030 -5.20417e-17
11553974 -0.136364
11627240 -5.20417e-17
11702014 -5.20417e-17
11804153 -5.20417e-17
11850187 -5.20417e-17
12001972 -5.20417e-17
12071821 -0.136364
12254670 -5.20417e-17
12535854 -0.136364
12569740 -0.136364
12667148 -5.20417e-17
12796530 -5.20417e-17
13053083 -0.136364
13242377 0.25
13285061 -5.20417e-17
13347627 0.25
13390264 -0.136364
13430196 -0.25
13485938 -5.20417e-17
13715981 -5.20417e-17
13741777 -5.20417e-17
13795827 0.25
13852440 0.25
14032539 -5.20417e-17
14088468 -0.280992
14208604 0.25
14301936 -5.20417e-17
14393790 -5.20417e-17
14441485 0.25
14476244 -5.20417e-17
14518048 -0.136364
14545166 0.25
14601270 -0.136364
14637950 -5.20417e-17
14671902 0.25
14708082 0.25
14773298 0.25
14837151 0.25
15020437 0.25
15070855 0.25
15124367 0.25
15163964 0.25
15200114 0.25
15227749 0.25
15280985 0.25
15411129 0.25
15437990 0.25
15488235 0.0625
15623727 0.25
15790701 0.25
16073551 0.25
16125302 0.25
16164534 0.25
16198150 0.25
16298334 0.25
16345660 0.25
16383373 0.25
16439346 0.25
16466058 0.25
16505102 0.25
16567895 0.25
16724085 0.25
16752082 0.25
16855958 0.25
16883924 0.25
16973821 0.25
17024331 0.25
17066803 0.25
17094048 0.25
17124164 0.25
17268611 0.25
17353505 0.25
17381660 0.25
17706979 0.25
17825502 0.25
17890234 0.25
18097244 0.0625
18126499 0.25
18154067 0.25
18188080 -5.20417e-17
18290689 0.25
18354045 0.25
18768475 0.25
18881525 0.25
18922960 0.25
19126292 0.25
19167097 0.25
19256244 0.25
19393346 0.25
19461021 -0.136364
19551904 0.25
19969300 0.25
19997667 0.25
20120111 0.25
20201521 0.25
20258606 0.25
20386869 0.25
20521273 0.25
20565775 0.25
20782835 0.25
20826706 0.25
20867102 0.25
20909594 0.25
20986962 0.25
21087178 0.25
21281833 -0.136364
21339695 0.107143
21424472 0.047619
21580377 0.107143
21631502 -0.25
21723375 -0.25
21784040 -0.25
21877110 0.25
21958507 -0.25
21997644 -5.20417e-17
22284616 0.25
22340712 0.107143
22406750 -0.25
22442850 -0.25
22526100 0.107143
22580843 -0.25
22606777 0.107143
22704534 0.107143
22758236 -0.25
22873740 0.107143
22968803 -0.25
23004103 0.25
23121459 -0.25
23177412 -0.25
23245621 0.107143
23359553 -0.0526316
23420239 -0.25
23454311 -0.25
23552131 -0.25
23649704 -0.25
23689800 0.25
23952547 -0.25
24346820 0.107143
24432520 0.107143
24468151 0.107143
24517415 0.107143
24557269 0.25
24600129 0.25
24680039 0.107143
24739622 0.107143
24869272 0.5
24962131 0.5
25031177 0.5
25072160 -5.20417e-17
25111164 0.5
25143466 0.5
25171199 -5.20417e-17
25347353 0.25
25416372 0.5
25447134 0.5
25480628 0.5
25513282 0.25
25593760 0.5
25637285 -5.20417e-17
25731746 0.107143
25837787 0.25
25913774 0.107143
25961333 4.16334e-17
26032521 0.107143
26268351 0.107143
26340216 0.107143
26366936 0.107143
26407713 -5.20417e-17
26452161 0.194631
26500251 0.25
26541980 0.107143
26570322 0.5
26626441 0.5
26670344 0.5
26734085 0.5
26791660 -0.25
26824011 -0.25
26879135 0.25
26912898 0.25
26976303 0.107143
27169242 0.5
27306333 -0.25
27364533 -0.136364
27437538 0.25
27660360 -5.20417e-17
27864182 -0.153846
27914726 -1.12757e-16
28102771 -5.20417e-17
28252901 0.25
28330994 -0.25
28431126 0.25
28465014 0.25
28498039 0.25
28506525 0.25
28513355 0.25
28523952 0.25
28527320 0.25
28573947 0.25
28593405 -0.25
28599659 0.25
28604004 0.25
28608078 0.25
28619365 -0.25
28623771 -0.264368
28628441 -0.25
28631797 0.25
28638067 0.25
28639182 0.25
28641984 0.25
28645220 0.25
28646656 0.25
28647471 0.25
28649462 0.25
28652245 0.25
28662977 0.25
28703123 0.0625
28706079 0.25
28712647 0.25
28723723 0.25
28728223 -5.20417e-17
28731882 -5.20417e-17
28750658 -0.136364
28752968 0.107143
28762445 0.107143
28765102 0.107143
28766868 -5.20417e-17
28769189 -5.20417e-17
28785225 -5.20417e-17
28787316 -5.20417e-17
28798761 -0.136364
28819450 0.107143
28821169 0.107143
28823932 -5.20417e-17
28827852 -5.20417e-17
28828896 -5.20417e-17
28845508 0.107143
28851534 -5.20417e-17
28870912 -5.20417e-17
28885523 0.107143
28898796 0.411765
28900639 0.411765
28915119 0.107143
28917282 -5.20417e-17
28927273 -5.20417e-17
28937079 0.107143
28968482 0.411765
28970791 0.107143
28984030 -5.20417e-17
28995345 -5.20417e-17
29002331 -5.20417e-17
29012976 0.0625
29031622 0.107143
29061997 0.411765
29075138 0.411765
29090022 0.25
29095909 0.25
29098445 0.411765
29106777 0.411765
29107753 0.411765
29108774 0.411765
29118648 0.411765
29119389 0.411765
29121883 0.411765
29123064 0.411765
29159876 0.411765
29189512 0.25
29194499 0.5
29213667 0.5
29218971 0.5
29221674 0.5
29224005 0.25
29228267 0.25
29235238 0.25
29236447 0.25
29237609 0.25
29250025 0.25
29256164 0.5
29256979 0.5
29269501 0.393939
29285739 0.25
29321841 0.5
29328591 0.5
29344488 -0.25
29350971 0.107143
29411794 -0.136364
29425623 -5.20417e-17
29427827 0.25
29432970 -5.20417e-17
29451934 -5.20417e-17
29453138 -5.20417e-17
29454880 -5.20417e-17
29458032 -5.20417e-17
29464485 0.25
29471552 -0.136364
29483918 -0.25
29485904 -0.136364
29491946 -0.136364
29495991 -0.136364
29497079 -5.20417e-17
29499500 -0.136364
29502854 0.25
29511356 -5.20417e-17
29515416 -0.136364
29517407 0.25
29520402 0.25
29524677 -0.136364
29531741 -0.136364
29538183 -5.20417e-17
29547943 0.25
29551795 0.25
29555666 -5.20417e-17
29561483 -5.20417e-17
29564212 0.25
29565817 -5.20417e-17
29571529 0.25
29575980 -5.20417e-17
29582263 0.25
29583982 -5.20417e-17
29585337 0.25
29609620 0.25
29614703 -5.20417e-17
29620293 0.25
29631736 0.25
29636569 0.25
29656523 -5.20417e-17
29658865 -5.20417e-17
29665001 -5.20417e-17
29673580 0.25
29691748 0.25
29707327 0.25
29738349 0.25
29820986 -5.20417e-17
29870849 0.25
29940504 -5.20417e-17
30009486 0.25
30023580 0.25
30058248 -5.20417e-17
30059279 0.25
30060488 -5.20417e-17
30061395 -5.20417e-17
30062789 0.25
30077812 -5.20417e-17
30180484 -0.25
30204596 -0.25
30209315 -5.20417e-17
30232921 -0.264368
30242956 -0.25
30244797 -0.25
30259731 -0.136364
30267608 -0.0526316
30274842 4.16334e-17
30277281 -0.136364
30279729 0.25
30297019 -0.25
30329460 -0.136364
30332794 4.16334e-17
30338142 0.25
30353896 0.25
30362702 0.25
30363431 0.25
30373098 -0.0526316
30376869 -5.20417e-17
30379481 -0.136364
30380884 0.25
30386509 0.25
30390630 -0.136364
30392722 0.393939
30400320 -0.136364
30401589 -0.136364
30404146 0.25
30406644 0.25
30409198 -0.136364
30410034 -0.136364
30411247 -0.136364
30433508 -5.20417e-17
30437086 -0.136364
30442931 0.25
30448177 0.25
30457309 -0.136364
30463847 -0.136364
30465430 -5.20417e-17
30476393 0.25
30480508 0.25
30482811 -0.136364
30485711 -0.136364
30487345 -5.20417e-17
30505059 -0.136364
30519426 0.4
30540660 -5.20417e-17
30552667 -5.20417e-17
30562279 -5.20417e-17
30570397 -5.20417e-17
30587395 0.25
30596348 -5.20417e-17
30605534 -5.20417e-17
30631608 -5.20417e-17
30641542 -5.20417e-17
30645583 -5.20417e-17
30647720 -5.20417e-17
30653631 -5.20417e-17
30654715 -5.20417e-17
30656381 -5.20417e-17
30667000 -5.20417e-17
30674962 -5.20417e-17
30676253 -5.20417e-17
30680872 -5.20417e-17
30691477 -5.20417e-17
30699408 -5.20417e-17
30708368 -5.20417e-17
30714729 -5.20417e-17
30737936 -5.20417e-17
30763896 -0.25
30774077 -0.25
30777681 -0.25
30786859 -0.25
30790840 -5.20417e-17
30824838 -5.20417e-17
30842850 -5.20417e-17
30862012 -5.20417e-17
30873379 -0.25
30876047 -5.20417e-17
30886435 -5.20417e-17
30898590 -5.20417e-17
30958559 -5.20417e-17
30965173 -5.20417e-17
30972562 -5.20417e-17
31019346 -5.20417e-17
31040468 -5.20417e-17
31134540 -5.20417e-17
31156608 -0.136364
31157775 -0.136364
31172215 -0.136364
31174895 -0.136364
31181902 -5.20417e-17
31208131 0.25
31222042 -0.197917
31359859 -0.25
31420857 -0.153846
31422329 -0.153846
31444208 -0.153846
31523222 -5.20417e-17
31530465 -5.20417e-17
31532943 -5.20417e-17
31541515 -5.20417e-17
31595784 -5.20417e-17
31601949 -5.20417e-17
31659958 -5.20417e-17
31661187 -0.25
31667215 -5.20417e-17
31675435 -5.20417e-17
31682154 -5.20417e-17
31698574 -5.20417e-17
31701229 -5.20417e-17
31725940 -0.25
31735879 -5.20417e-17
31748599 -5.20417e-17
31753406 -0.25
31754965 -5.20417e-17
31765761 -0.136364
31775325 -5.20417e-17
31781667 -0.25
31814622 -0.136364
31818520 -0.25
31819590 -5.20417e-17
31822897 0.107143
31830028 0.107143
31835505 -0.136364
31838543 -0.25
31860094 -5.20417e-17
31915854 -0.136364
31920141 -0.25
31921134 -0.25
31953290 -5.20417e-17
31962179 -0.153846
31982348 -5.20417e-17
31998926 -0.25
32078578 -5.20417e-17
32205661 -5.20417e-17
32268115 -5.20417e-17
32292738 -5.20417e-17
32318002 0.25
32321276 0.25
32363467 -5.20417e-17
32364531 -0.136364
32379165 -5.20417e-17
32379969 -0.136364
32415874 -5.20417e-17
32428244 -0.25
32435263 0.107143
32445623 -0.136364
32451272 -0.136364
32458318 0.107143
32459515 -0.136364
32477366 -5.20417e-17
32479513 -5.20417e-17
32507199 -0.136364
32508748 0.107143
32527068 -0.25
32539894 -0.0526316
32588581 -5.20417e-17
32603434 -5.20417e-17
32629442 -5.20417e-17
32637581 -5.20417e-17
32644453 -5.20417e-17
32651304 -5.20417e-17
32678654 0.5
32687018 0.25
32698542 -0.25
32734593 0.25
32763342 0.25
32772447 -5.20417e-17
32777894 -0.136364
32796708 -5.20417e-17
32798239 -5.20417e-17
32806215 -0.136364
32838190 -0.25
32840492 -5.20417e-17
32882556 -0.136364
32884098 -0.136364
32984480 -0.25
33018083 -5.20417e-17
33038110 -5.20417e-17
33054123 -5.20417e-17
33066675 -5.20417e-17
33119116 -0.153846
33167192 0.25
33182780 0.25
33318274 0.25
33325735 -0.136364
33338002 -5.20417e-17
33351218 0.25
33353078 -0.136364
33358667 -5.20417e-17
33360952 -0.136364
33362755 -5.20417e-17
33375308 -0.136364
33377004 -5.20417e-17
33378355 -0.25
33379172 -0.136364
33390604 -5.20417e-17
33402052 -0.195652
33406638 -5.20417e-17
33415484 -5.20417e-17
33587731 -0.136364
33648397 -5.20417e-17
33657845 -0.25
33679375 -0.136364
33701308 -5.20417e-17
33703029 -5.20417e-17
33715054 -5.20417e-17
33733586 -5.20417e-17
33762447 -5.20417e-17
33852257 0.25
33941392 0.107143
33954686 0.107143
34022072 0.107143
34046274 -0.153846
34086558 -0.136364
34093599 -5.20417e-17
34105092 -0.136364
34214614 -5.20417e-17
34239385 0.107143
34249927 0.107143
34255393 0.107143
34269948 0.107143
34272525 0.107143
34285082 0.411765
34293129 0.411765
34295975 0.411765
34299559 0.411765
34306358 0.411765
34311306 0.411765
34317265 0.411765
34332862 -5.20417e-17
34350084 -0.153846
34363632 -0.25
34367925 -0.153846
34372952 -5.20417e-17
34375856 -0.25
34382724 -0.153846
34387852 -5.20417e-17
35143989 -0.25
35145590 -5.20417e-17
35156326 -0.153846
35161228 -0.25
35166856 -0.153846
35168738 -5.20417e-17
35171268 -5.20417e-17
35182661 -5.20417e-17
35186332 -0.136364
35189580 -0.136364
35210116 -5.20417e-17
35210924 -0.25
35220939 -5.20417e-17
35222003 0.107143
35233689 0.107143
35236527 0.107143
35530587 0.107143
35625925 -5.20417e-17
35633888 -0.25
35635032 -0.153846
35640827 -0.280992
35646769 0.25
35649618 0.411765
35656707 -0.25
35686946 -0.136364
35695474 0.107143
35699355 0.107143
35719623 0.25
35721993 -0.25
35760955 -0.136364
35789070 -0.0185185
35805380 0.107143
35807936 0.107143
35811705 0.107143
35816515 -5.20417e-17
35823334 0.107143
35826159 0.107143
35837149 0.107143
35848689 0.107143
35860618 -0.136364
36071599 -5.20417e-17
36072732 -5.20417e-17
36084627 -5.20417e-17
36102938 -5.20417e-17
36122237 -0.25
36146766 0.107143
36203537 -5.20417e-17
36239964 0.75
36240907 0.75
36249364 -0.25
36259563 -0.25
36264642 -0.25
36310404 -0.136364
36311638 0.107143
36319328 -0.136364
36341466 -0.153846
36419437 0.107143
36421724 -0.136364
36432448 -0.136364
36436443 0.107143
36444678 0.107143
36465576 0.107143
36467479 -0.136364
36470764 -0.153846
36472063 -0.25
36476386 0.107143
36493590 0.107143
36510800 -0.136364
36515886 0.107143
36552189 -0.136364
36553616 0.25
36571566 0.107143
36583392 0.107143
36596510 -5.20417e-17
36602709 0.25
36665760 -0.136364
36699710 -5.20417e-17
36720072 -0.153846
36720932 -0.25
36721917 -0.25
36723762 -5.20417e-17
36734249 0.0625
36750444 -0.25
36754540 -5.20417e-17
36757726 -5.20417e-17
36766352 0.25
36767455 -5.20417e-17
36774600 -0.153846
36777185 -0.153846
36781107 -0.25
36782323 0.25
36797859 -5.20417e-17
36808778 -0.25
36831753 0.5
36840227 0.25
36882604 -0.0526316
36906551 -5.20417e-17
36916624 -5.20417e-17
36919622 0.25
36927970 -0.2
36949935 0.25
36986699 0.107143
36990907 0.5
36995747 0.5
37000804 -5.20417e-17
37023406 -0.264368
37024740 -0.25
37046875 -5.20417e-17
37049509 0.25
37051712 -0.153846
37058810 -5.20417e-17
37086672 0.5
37125034 -0.25
37126645 -0.153846
37133445 -0.153846
37144699 -0.153846
37157790 -0.153846
37161526 -0.136364
37295618 0.411765
37297208 -0.25
37298712 0.107143
37302137 0.411765
37322580 -0.136364
37323949 0.411765
37330770 0.5
37337885 0.5
37361718 -5.20417e-17
37381270 0.5
37401583 0.25
37411001 -0.136364
37445692 -5.20417e-17
37467321 -5.20417e-17
37475915 -0.25
37506272 -5.20417e-17
37510824 -5.20417e-17
37515222 0.25
37518951 -5.20417e-17
37533232 -5.20417e-17
37570986 0.25
37640616 0.25
37660795 0.25
37665286 0.25
37673630 0.25
37701598 0.25
37712387 0.25
37737235 0.25
37753573 0.25
37765494 0.25
37784014 0.25
37811857 0.25
37827274 0.25
37828927 0.25
