1369 0.107143
10203 0.107143
26545 0.107143
30308 0.107143
46032 0.107143
49561 0.107143
54979 -0.0526316
57071 4.16334e-17
66909 0.107143
122380 0.107143
149886 0.107143
173779 -0.153846
178949 -5.20417e-17
181108 -5.20417e-17
194642 0.107143
200326 0.5
224569 -5.20417e-17
228565 0.75
240175 0.5
263144 0.75
265704 0.75
275670 0.75
294718 0.75
298263 0.75
304970 0.75
347317 0.25
441123 0.25
448191 -0.136364
455180 -5.20417e-17
458284 -0.136364
462866 -5.20417e-17
474790 -5.20417e-17
488756 -0.25
492131 -0.264368
499953 0.25
514588 0.25
522880 -0.136364
571170 -5.20417e-17
581209 -0.136364
703188 0.25
713403 0.25
747851 0.25
754053 0.25
819910 0.25
822049 0.25
827837 0.25
845537 0.25
859541 0.25
867515 0.4
880162 0.25
895954 0.25
906699 0.25
921593 -0.25
946578 0.25
949928 0.25
956747 0.25
963384 0.25
974996 0.25
977449 0.25
990273 0.25
999319 0.25
1051353 -0.25
1056851 0.107143
1058861 0.107143
1112725 0.25
1119435 0.25
1129106 0.107143
1172986 0.25
1193941 0.107143
1197210 0.107143
1199211 0.107143
1201132 0.107143
1235758 -0.136364
1244205 0.25
1266211 -0.153846
1277584 0.25
1286863 0.25
1296185 -0.25
1308798 0.125
1330113 -0.299213
1340545 -0.25
1348722 -0.25
1353156 -0.25
1388867 0.25
1427672 0.25
1432176 0.047619
1438449 0.25
1460202 0.25
1462191 -0.2
1479884 0.25
1483686 0.25
1517966 -0.25
1541447 -0.25
1652792 -0.136364
1663733 -0.136364
1671918 -0.136364
1675407 -0.136364
1682518 -0.136364
1691002 -0.136364
1699447 -0.136364
1702030 -0.136364
1710187 -0.136364
1713268 -0.136364
1718438 -0.136364
1726752 -0.136364
1733997 -5.20417e-17
1735923 -5.20417e-17
1737901 -0.136364
1740703 -5.20417e-17
1745913 -0.136364
1749975 -5.20417e-17
1761890 -5.20417e-17
1766166 -5.20417e-17
1780172 -5.20417e-17
1784477 -5.20417e-17
1789189 -5.20417e-17
1793621 -5.20417e-17
1817213 -5.20417e-17
1844651 -0.136364
1849202 -5.20417e-17
1860231 -5.20417e-17
1862515 -0.136364
1870573 -1.12757e-16
1909982 0.107143
1913974 -5.20417e-17
1916823 -5.20417e-17
1925938 -5.20417e-17
1936520 -5.20417e-17
1958299 -0.153846
1984736 -5.20417e-17
2008166 -5.20417e-17
2021023 -0.25
2026384 -0.25
2032233 -0.264368
2036179 -0.25
2042797 -0.25
2054953 -0.25
2090760 -0.153846
2096180 -1.12757e-16
2104210 -0.136364
2118368 -5.20417e-17
2122411 -0.153846
2126308 -5.20417e-17
2128180 0.107143
2133142 -0.25
2155661 -0.153846
2158775 -0.153846
2178648 -0.153846
2221491 -0.136364
2229173 -0.136364
2238651 -0.136364
2294554 -5.20417e-17
2317916 -0.25
2366836 -0.136364
2374304 -0.25
2377006 -5.20417e-17
2408890 -5.20417e-17
2411235 -0.25
2441161 -0.184211
2444598 -0.197917
2448414 -0.153846
2452372 -0.197917
2463182 -0.25
2466744 -0.25
2496795 -0.25
2503548 -0.136364
2575102 -0.25
2583531 -0.153846
2634989 -0.136364
2664763 -0.25
2694944 -0.136364
2728738 -0.25
2736843 -5.20417e-17
2752947 -5.20417e-17
2755627 -5.20417e-17
2798728 -5.20417e-17
2806672 -5.20417e-17
2811150 -5.20417e-17
2840755 -5.20417e-17
2843515 -0.25
2868902 -5.20417e-17
2872207 -5.20417e-17
2882702 -5.20417e-17
2929604 -0.25
2959138 -5.20417e-17
3002013 -5.20417e-17
3058000 -5.20417e-17
3066813 -5.20417e-17
3070446 -5.20417e-17
3073705 -5.20417e-17
3085280 -5.20417e-17
3091689 -5.20417e-17
3107279 -5.20417e-17
3109899 -5.20417e-17
3113540 -5.20417e-17
3168101 -5.20417e-17
3179746 -5.20417e-17
3197078 -5.20417e-17
3211355 -5.20417e-17
3230843 -5.20417e-17
3260594 -5.20417e-17
3295015 -5.20417e-17
3304298 -5.20417e-17
3321062 -5.20417e-17
3325933 -5.20417e-17
3333458 -5.20417e-17
3377698 -1.12757e-16
3379864 -5.20417e-17
3384066 -5.20417e-17
3474294 -0.25
3536279 -1.12757e-16
3737351 -0.25
3800415 -0.25
3807153 -0.25
3815748 -0.25
3822240 -0.25
3854167 -0.25
3857737 -0.25
3874018 -0.25
3880519 -0.25
3898887 -0.25
3915869 -0.25
3925258 -0.25
4743241 -0.136364
4775910 -0.153846
4837122 -5.20417e-17
4886585 -0.153846
4902499 -0.153846
4938736 -0.153846
4945850 -0.25
4953024 -5.20417e-17
4962288 -5.20417e-17
4996669 -0.153846
5023713 -5.20417e-17
5027671 -0.153846
5034411 -5.20417e-17
5040965 -0.153846
5056414 -5.20417e-17
5067812 -5.20417e-17
5076000 -5.20417e-17
5080247 -5.20417e-17
5086359 -5.20417e-17
5096221 -0.25
5133462 -5.20417e-17
5146121 -5.20417e-17
5151897 -5.20417e-17
5155932 -5.20417e-17
5162188 -5.20417e-17
5232803 -5.20417e-17
5290977 0.107143
5323509 0.107143
5394339 0.107143
5417856 0.107143
5429903 -5.20417e-17
5519344 0.107143
5549532 0.107143
5576077 -0.0795455
5585120 4.16334e-17
5920452 -0.25
5938154 -0.25
5961788 -0.00515464
5968554 0.25
5971300 0.107143
5998461 0.107143
6008383 0.333333
6155507 -0.25
6212958 -0.25
6267227 -0.25
6393112 -0.25
6492019 -0.25
6554086 -0.184211
6557425 -0.280992
6609920 -0.25
6661172 -0.184211
6711457 -1.12757e-16
6722212 -0.184211
6725194 -1.12757e-16
6790349 -0.184211
6809001 -0.25
6830722 -1.12757e-16
6862403 -1.12757e-16
6864787 -1.12757e-16
6873503 -0.25
6901796 -1.12757e-16
6905081 -5.20417e-17
6908475 -0.195652
6923834 -0.195652
6933896 -0.195652
6946338 -0.195652
6948950 -0.226415
6983776 -0.153846
7012979 -0.2
7027646 -0.153846
7035552 -0.153846
7044388 -0.0526316
7053436 -0.153846
7055382 -0.153846
7059344 -0.153846
7076390 -0.153846
7145569 -5.20417e-17
7148439 -5.20417e-17
7150355 -5.20417e-17
7161394 -5.20417e-17
7167558 -0.153846
7172561 -5.20417e-17
7178763 -0.195652
7187651 -0.136364
7201754 -5.20417e-17
7204104 -5.20417e-17
7222161 0.25
7228200 0.25
7255708 0.047619
7260725 -5.20417e-17
7262550 -5.20417e-17
7266901 -5.20417e-17
7275829 -0.25
7278846 -0.25
7291320 -1.12757e-16
7307539 -1.12757e-16
7312517 4.16334e-17
7335602 -1.12757e-16
7348467 -1.12757e-16
7370390 -0.25
7423285 -0.25
7433942 -0.136364
7450433 -0.136364
7524877 4.16334e-17
7528410 -0.153846
7537875 -0.195652
7544913 0.107143
7547016 0.107143
7568729 -0.0185185
7583500 -0.25
7590316 -0.25
7595362 -0.25
7599836 -0.25
7620376 -0.25
7643977 -0.25
7655919 -0.25
7665095 -0.2
7669615 -0.25
7702149 -0.25
7729921 -0.25
7739637 -5.20417e-17
7741448 -0.136364
7744197 -0.25
7812457 -0.195652
7845437 -0.136364
7847344 -0.2
7851910 -0.264368
7862988 -0.195652
7869416 -0.25
7917371 -0.25
7920476 -0.2
7929040 -0.25
7937230 -0.25
7957206 -5.20417e-17
8008361 -0.0185185
8151524 -5.20417e-17
8368607 -5.20417e-17
8400913 -5.20417e-17
8405707 -0.2
8416385 -5.20417e-17
8418436 4.16334e-17
8463305 -0.2
8476082 -0.195652
8504254 -5.20417e-17
8517919 -0.25
8520229 -5.20417e-17
8535793 0.107143
8553504 -0.136364
8606254 -0.00515464
8610863 -0.153846
8863343 -0.0185185
8865598 -0.195652
8872572 -0.0185185
8878738 -0.153846
8886122 -5.20417e-17
8892733 -0.0185185
8903384 -5.20417e-17
8908716 -5.20417e-17
8920346 -5.20417e-17
8922255 -0.0185185
8939409 -5.20417e-17
8951049 -0.0185185
8955590 -5.20417e-17
8961050 -5.20417e-17
8965425 -5.20417e-17
8970545 -5.20417e-17
8975009 -5.20417e-17
8977356 -5.20417e-17
8986249 -0.0185185
8994810 -0.195652
8998821 -0.0185185
9003461 -0.0185185
9013593 -0.0185185
9025311 -5.20417e-17
9027877 -0.25
9044950 -5.20417e-17
9066013 -0.0185185
9077240 -0.195652
9100326 -0.134918
9107839 -0.195652
9114287 -0.0185185
9126063 -0.136364
9154986 -0.0185185
9165638 -0.195652
9185886 -5.20417e-17
9216245 -5.20417e-17
9218467 -5.20417e-17
9237428 -5.20417e-17
9241119 -5.20417e-17
9299920 0.25
9325141 -0.25
9327448 -0.153846
9333014 -0.2
9336448 -0.153846
9339541 0.25
9346384 -5.20417e-17
9365931 -5.20417e-17
9421447 -0.136364
9443635 0.107143
9495115 -5.20417e-17
9497998 0.107143
9536287 -5.20417e-17
9545134 -5.20417e-17
9641514 -5.20417e-17
9644163 -0.0526316
9653746 -0.136364
9663419 -5.20417e-17
9695721 0.107143
9703608 0.107143
9714629 -5.20417e-17
9716661 0.107143
9720171 -5.20417e-17
9755524 -5.20417e-17
9764950 -5.20417e-17
9771878 -5.20417e-17
9774707 -5.20417e-17
9833244 -0.136364
9850176 -0.136364
9852400 -0.136364
9867053 -0.136364
9871027 -0.136364
9893674 -0.25
9898243 -0.25
9901201 -0.25
9919239 -0.136364
9922539 -5.20417e-17
9960650 0.107143
9966918 -0.25
9969165 -0.136364
9987706 0.107143
9990271 -5.20417e-17
9993875 0.107143
9997520 -0.136364
10003501 -0.25
10016762 -5.20417e-17
10024678 0.107143
10038909 0.107143
10050065 -5.20417e-17
10085295 -5.20417e-17
10099945 -5.20417e-17
10104651 -0.25
10130233 -0.136364
10141120 -0.25
10146857 -0.280992
10153662 -5.20417e-17
10196945 -5.20417e-17
10202231 -0.25
10205652 -0.25
10210549 -5.20417e-17
10213389 -0.25
10290627 -5.20417e-17
10300389 -5.20417e-17
10304007 -5.20417e-17
10338230 -5.20417e-17
10340684 -5.20417e-17
10349902 -5.20417e-17
10358082 -5.20417e-17
10381511 -5.20417e-17
10386166 -5.20417e-17
10437915 0.107143
10480607 0.107143
10483270 -0.25
10486473 -0.25
10504864 -0.280992
10581730 -0.25
10592948 -0.136364
10601041 -0.136364
10614231 -0.0526316
10616598 0.107143
10618647 0.107143
10703114 0.107143
10744140 0.107143
10749550 -0.136364
10756820 0.107143
10781638 -0.136364
10803658 0.107143
10810385 -0.136364
10817941 0.107143
10831035 -0.136364
10863131 -0.166667
10865360 -0.226415
10868563 -0.136364
10870971 -0.136364
10885588 -0.136364
10902721 -0.136364
10907237 -0.136364
10913235 -0.136364
10919841 -0.136364
10923245 -0.136364
10952758 -0.136364
10954894 -0.136364
10957526 -0.136364
10962008 -0.136364
10966139 -0.136364
10969698 -0.136364
10995196 -0.136364
11001830 -0.136364
11012445 -0.136364
11026846 -0.136364
11054301 -0.136364
11072903 -0.136364
11078196 -0.136364
11080478 -0.136364
11112407 -0.136364
11153024 -0.136364
11165192 -0.136364
11180701 -0.136364
11193191 -0.136364
11195853 -0.136364
11199726 -0.136364
11202604 -0.136364
11232721 -0.136364
11277759 -0.136364
11287106 -0.136364
11292588 -0.136364
11294665 -0.136364
11296601 -0.136364
11299668 -0.136364
11312195 -0.136364
11315331 -0.136364
11320837 -0.136364
11323656 -0.136364
11331873 -0.136364
11334416 -0.136364
11356887 -0.136364
11367109 -0.136364
11368997 0.107143
11376723 -0.136364
11383891 -0.136364
11386229 -0.136364
11390013 -0.136364
11408064 -0.136364
11413686 -0.136364
11418479 -0.136364
11463345 -0.136364
11467432 -0.136364
11492415 -0.136364
11500160 -0.136364
11525692 -0.136364
11537645 -0.136364
11556602 -0.136364
11560521 -0.136364
11563329 -0.136364
11567248 -0.136364
11570197 -0.136364
11573012 -0.136364
11578033 -0.136364
11583478 -0.136364
11586073 -0.136364
11597790 -0.25
11616586 -0.136364
11622027 -0.136364
11636858 -0.136364
11640527 -0.136364
11649916 -0.136364
11663082 -0.136364
11675075 -0.136364
11690639 -0.136364
11694826 -0.136364
11703848 -0.136364
11705799 -0.136364
11714105 -0.136364
11716139 -0.136364
11719408 -0.136364
11728664 -0.136364
11737650 -0.136364
11747012 -0.136364
11754010 -0.136364
11758198 -0.136364
11778677 -0.25
11790767 -0.25
11801985 -0.25
11807087 -0.25
11839852 -0.25
11879316 -0.25
11914616 0.107143
11920786 -0.25
11923446 -0.25
11934773 -0.25
11960134 0.107143
11966880 -0.25
11973840 -0.25
11988139 -0.153846
11990829 -0.153846
12004584 -0.153846
12010080 -0.153846
12012682 -0.153846
12015165 -0.153846
12034002 -0.153846
12039412 -0.153846
12044370 -0.153846
12051372 0.107143
12061236 -0.153846
12094075 -0.153846
12124655 -0.153846
12150987 -1.12757e-16
12192887 -0.153846
12212686 -0.153846
12222640 -0.153846
12249182 -0.153846
12262290 -0.153846
12273403 -0.153846
12320758 -0.153846
12349399 -0.153846
12353953 -0.153846
12389197 -0.153846
12392157 -0.153846
12401303 -0.2
12413938 -0.153846
12423903 -0.153846
12436852 -0.153846
12477738 0.125
12516017 0.125
12555111 0.125
12589025 -0.153846
12594088 -0.153846
12597839 -0.153846
12604861 -0.153846
12607556 -0.153846
12614928 -0.153846
12623058 -0.153846
12633666 -0.153846
12642423 -0.153846
12649751 -0.153846
12656250 -0.153846
12667096 -0.153846
12675084 -0.153846
12686815 -0.153846
12689891 -0.153846
12701880 -0.153846
12706792 -0.153846
12711868 -0.153846
12716145 -0.153846
12718042 -0.153846
12724883 -0.153846
12727238 -0.153846
12730380 -0.153846
12732472 -0.153846
12734889 -0.153846
12740064 -0.153846
12758220 -0.153846
12772163 -0.153846
12826573 -0.153846
12833993 -0.254603
12847885 -0.153846
12853866 -0.153846
12928558 -0.153846
12971531 -0.153846
13022468 -0.153846
13064833 -0.25
13068919 -0.25
13094818 -5.20417e-17
13099563 -5.20417e-17
13108531 -5.20417e-17
13111215 -5.20417e-17
13116164 -0.264368
13130592 -0.25
13138293 -0.25
13140333 -0.25
13145858 -0.25
13162435 -0.25
13180600 -0.25
13186656 -0.25
13189230 -0.25
13195341 -0.25
13285528 -0.25
13293829 -0.25
13297816 -0.25
13304491 -0.25
13309791 -0.25
13313175 -0.25
13316889 -0.25
13345899 -0.25
13352972 -0.25
13359236 -0.25
13381577 -0.25
13400506 -0.25
13402491 -0.25
13409393 -0.25
13411786 -0.25
13417603 -0.25
13426342 -0.25
13441274 -0.25
13447261 -0.25
13457297 -0.25
13466806 -0.25
13470928 -0.25
13504766 -0.25
13543588 -0.25
13555780 -0.25
13567804 -0.25
13601527 -0.226415
13610444 -0.25
13612583 -0.25
13643593 -0.25
13673195 -0.25
13683177 -0.25
13697070 -0.25
13701855 -0.25
13705653 -0.25
13712746 -0.25
13728068 -0.25
13743858 -0.25
13763063 -0.25
13809371 -0.25
13816580 -0.25
13830318 -0.25
13833982 -0.25
13837653 -0.25
13883378 -0.25
13888659 -0.25
13895611 -0.25
13898434 -0.25
13911261 -0.25
13915305 -0.25
13919390 -0.25
13923044 -0.25
13926013 -0.25
13936314 -0.25
13948688 -0.25
13951709 -0.25
13953895 -0.25
13956976 -0.25
13962032 -0.25
13976006 -0.25
13979818 -0.25
13985367 -0.25
13987493 -0.25
14000384 -0.25
14018778 -0.25
14035506 -0.25
14051168 -0.25
14053157 -0.25
14080834 -0.25
14113656 -0.25
14134716 -0.25
14137814 -0.25
14168222 -0.25
14171245 -0.25
14183132 -0.25
14188342 -0.25
14201642 -0.25
14226714 -0.25
14244329 -0.25
14263952 -0.153846
14269650 -0.153846
14271841 -0.153846
14279148 -0.2
14282760 -0.153846
14313402 -0.153846
14315248 -0.153846
14317550 -0.153846
14322041 -0.153846
14327607 -0.153846
14330094 -0.25
14332119 -0.153846
14334632 -0.153846
14338899 -0.153846
14341277 -0.153846
14343099 -0.153846
14348423 -0.153846
14393825 -0.153846
14400748 -0.153846
14418433 -0.153846
14421408 -0.153846
14430234 -5.20417e-17
14432889 -0.153846
14444968 -0.153846
14458021 -0.153846
14460506 -0.153846
14464588 -0.153846
14474330 -0.153846
14487346 -0.153846
14492505 -0.153846
14500391 -0.153846
14505043 -0.153846
14507686 -0.153846
14513756 -0.153846
14515854 -0.153846
14517761 -0.153846
14519119 -0.153846
14526209 -0.153846
14532256 -0.153846
14536906 -0.153846
14540340 -0.153846
14585179 -0.153846
14603631 -0.153846
14616093 -0.153846
14627401 -0.153846
14664081 -0.153846
14679140 -0.153846
14694627 -0.25
14712860 -0.25
14788382 -0.25
14804663 -0.25
14816843 -0.25
14820473 -0.25
14825333 -0.25
14832315 -0.25
14840333 -0.25
14855808 -0.25
14893871 -0.25
14901183 -0.25
14911888 -0.25
14920083 -0.184211
14923472 -0.25
14940318 -0.25
14942992 -0.25
14949018 -0.25
14957216 -0.25
14960518 -0.25
14974412 -0.25
14976329 -0.25
14995983 -0.25
15008065 -0.25
15015166 -0.25
15018031 -0.25
15025363 -0.25
15027854 -0.280992
15038262 -0.25
15040765 -0.25
15043253 -0.25
15051655 -0.25
15055730 -0.25
15059468 -0.25
15061965 -0.25
15066204 -0.25
15080155 -0.25
15082574 -0.25
15085281 -0.25
15093839 -0.25
15099885 -0.25
15103962 -0.25
15107440 -0.25
15112146 -0.25
15121076 -0.25
15158114 -0.25
15196730 -0.25
15226293 -0.25
15230830 -0.25
15267617 -0.25
15282033 -0.25
15289957 -0.25
15302286 -0.25
15320027 -0.25
15324476 -0.25
15327918 -0.25
15337852 -0.25
15366295 -0.25
15370899 -0.25
15372719 -0.25
15375849 -0.25
15396923 -0.25
15410992 -0.25
15417853 -0.25
15436854 -0.25
15451194 -0.25
15462368 -0.25
15467083 -0.25
15476829 -0.280992
15485207 -0.25
15502584 -0.25
15538849 -0.25
15566230 -0.25
15574923 -0.25
15604445 -0.25
15609544 -0.25
15628175 -0.25
15660554 -0.25
15687380 -0.25
15701141 -0.25
15736084 -0.25
15738811 -0.25
15741596 -0.25
15745998 -0.25
15749697 -0.25
15755465 -0.25
15758972 -0.25
15781931 -0.25
15797408 -0.25
15810569 -0.25
15830430 -0.25
15833003 -0.25
15836979 -0.25
15844685 -0.25
15869031 -0.25
15877703 -0.25
15881041 -0.25
15891405 -0.25
15916359 -0.25
15979230 -0.25
15982294 -0.25
15989480 -0.25
15991312 -0.25
16009572 -0.25
16045621 -0.25
16048919 -0.25
16060811 -0.25
16087258 -0.25
16124906 -0.25
16304791 -0.25
16331890 -0.25
16334072 -0.25
16345636 -0.25
16406308 -0.25
16414688 -0.25
16455719 -0.25
16477016 -0.25
16501793 -0.136364
16505016 -0.136364
16519914 -0.25
16525797 -0.136364
16569721 -5.20417e-17
16583730 -0.136364
16647839 -0.136364
16655705 -0.226415
16657534 -0.136364
16693574 -0.136364
16709881 -0.25
16725858 -0.280992
16834029 -0.0526316
16861493 -0.136364
16864408 -0.136364
16875227 -0.136364
16897013 -0.195652
16932368 -5.20417e-17
16936911 -0.25
16943942 -0.136364
17043834 -0.136364
17046523 -0.136364
17068991 -0.226415
17101813 -0.25
17107271 -0.25
17176822 -0.136364
17199412 -0.226415
17253016 -0.226415
17305736 -0.136364
17328275 -0.136364
17382529 -0.136364
17384808 -0.136364
17392399 -0.226415
17395215 -0.136364
17406058 -0.136364
17419223 -0.136364
17436025 -0.136364
17443012 -0.136364
17445520 -0.136364
17448746 -0.136364
17457367 -0.136364
17460488 -0.136364
17472498 -0.136364
17476228 -0.136364
17489456 -0.136364
17561064 -0.25
17566505 -0.136364
17570234 -0.136364
17580613 -0.136364
17622487 -0.136364
17662865 -0.136364
17667962 -0.226415
17680750 -0.136364
17692400 -0.136364
17699641 -0.195652
17740043 -0.136364
17779737 -0.136364
17783666 -0.136364
17801017 -0.136364
17829397 -0.136364
17831459 -0.136364
17853022 -0.136364
17860441 -0.136364
17863482 -0.136364
17865512 -0.136364
17870527 -0.136364
17877584 -0.136364
17891705 -0.136364
17902731 -0.136364
17923680 -0.136364
17928577 -0.136364
17945192 -0.136364
17949351 -0.136364
17951697 -0.136364
17953611 -0.136364
17957598 -0.136364
17963029 0
17997217 -0.136364
18011584 -0.136364
18013599 -0.136364
18028072 -0.136364
18059194 -0.25
18068648 -0.136364
18134466 -0.136364
18152113 -0.136364
18169408 -0.25
18179752 -0.136364
18188617 -0.136364
18195636 -0.136364
18201909 -5.20417e-17
18205231 -0.136364
18228336 -5.20417e-17
18293263 -0.25
18320725 -0.136364
18331404 -0.25
18360554 -0.184211
18366092 -0.25
18378895 -0.25
18390950 -0.25
18392971 -0.25
18395046 -0.25
18397939 -0.25
18400178 -0.25
18405147 -0.226415
18414029 -0.25
18444307 -0.25
18464786 -0.25
18478161 -0.25
18496023 -0.25
18500603 -0.25
18504897 -0.25
18514151 -0.25
18519018 -0.25
18539305 -0.25
18565438 -0.25
18573552 -0.25
18585518 -0.25
18592447 -0.25
18596237 -0.25
18604472 -0.25
18612505 -0.25
18653918 -0.25
18657751 -0.25
18663809 -0.25
18668568 -0.25
18676442 -0.25
18719930 -0.25
18730610 -0.25
18769207 -0.25
18777493 -0.25
18844209 -0.25
18867288 -0.25
19017893 -0.136364
19020839 -0.136364
19023402 -0.25
19035600 -0.25
19074167 -0.25
19080287 -0.25
19086300 -0.25
19100405 -0.136364
19112125 -0.25
19115565 -0.25
19120785 -0.25
19131533 -0.25
19135181 -0.25
19151181 -0.25
19184344 -0.25
19217490 -0.25
19246100 -0.25
19250225 -0.25
19272158 -0.25
19280320 -0.25
19292067 -0.25
19311814 -0.25
19325832 -0.25
19398682 -0.25
19416657 -0.25
19425577 -0.25
19486332 -0.25
19561518 -0.25
19563934 -0.25
19571623 -0.25
19576757 -0.25
19597082 -0.25
19600261 -0.25
19602129 -0.25
19643429 -0.25
19652140 -0.25
19671324 -0.25
19690686 -0.25
19692570 -0.25
19772410 -0.136364
19776419 -0.25
19827758 -0.136364
19836253 -0.25
19881595 -0.136364
19893142 -0.25
19900119 -0.136364
19903918 -0.136364
19907139 -0.136364
19919442 -5.20417e-17
19927875 -5.20417e-17
19943366 -0.25
19950816 -0.136364
19955096 -0.136364
19957045 -0.25
19964109 -0.136364
19969924 -0.195652
19998651 -0.25
20028419 -0.0526316
20030383 -0.136364
20048555 -0.136364
20084593 -0.0526316
20122165 -0.25
20131568 -0.25
20179778 -0.25
20220879 -0.25
20229243 -0.25
20234105 -0.136364
20238136 -0.136364
20248146 -0.136364
20250303 -5.20417e-17
20252270 -5.20417e-17
20256357 -5.20417e-17
20261059 -0.136364
20264254 -5.20417e-17
20266077 -5.20417e-17
20268018 -5.20417e-17
20271884 -5.20417e-17
20274206 -5.20417e-17
20306983 -0.136364
20309441 -0.25
20332565 0
20344624 -0.280992
20347140 -0.136364
20391329 -0.136364
20394414 -0.136364
20401871 -0.25
20404146 -0.25
20406089 -0.25
20419500 -0.136364
20423056 -0.25
20433084 -0.25
20436570 -0.25
20446307 0
20448608 0
20451743 0
20470620 -0.136364
20472708 -0.25
20481761 -0.25
20486726 -0.136364
20500306 -0.136364
20502705 -0.136364
20511377 -0.136364
20514546 -0.136364
20519045 -0.136364
20525507 -0.136364
20528148 -0.136364
20533570 -0.25
20552823 -0.25
20558651 -0.136364
20566794 -0.136364
20568815 -0.136364
20572936 -0.136364
20598691 -0.25
20601946 -0.25
20607399 -0.25
20609864 -0.136364
20615986 -0.136364
20625201 -0.136364
20629836 -0.136364
20632628 -0.25
20637747 -0.136364
20643306 -0.25
20691294 -0.136364
20704641 -0.184211
20706488 -0.136364
20709721 -0.136364
20724007 -0.280992
20760186 -0.25
20763237 -0.25
20775005 -0.25
20786213 -0.25
20789892 -0.136364
20812090 -0.25
20821914 -0.25
20828376 -0.136364
20835411 -0.25
20850317 -0.25
20856739 -0.25
20881295 -0.184211
20885654 -0.25
20902542 -0.280992
20930317 -0.184211
20932389 -0.136364
20939557 -0.25
20953655 -0.25
20962733 -0.25
20966648 -0.25
20970374 -0.25
20976238 -0.25
21005675 -0.184211
21055555 -0.25
21153322 -0.25
21365639 -0.136364
21440661 -0.136364
21571944 -0.136364
21629092 -0.136364
21830494 -0.136364
21908634 -0.136364
22001741 -0.136364
22035302 -0.136364
22126449 -0.136364
22153458 -0.136364
22217301 -0.136364
22240897 -0.136364
22368086 -0.25
22400675 -0.197917
22539790 -0.25
22598680 -0.136364
22695376 -0.136364
22794333 -0.25
22824615 -0.136364
22881489 -0.136364
22918232 -0.25
22949203 -0.25
23138550 -0.25
23305096 -0.136364
23372907 -0.25
23404051 -0.136364
23475965 -0.25
23510797 -0.25
23539516 -0.25
23617376 -0.25
23713500 -0.25
23892877 -0.25
24066397 -0.25
24100065 -0.25
24156260 -0.25
24249113 -0.25
24866920 -0.25
24998503 -0.25
25149756 -0.25
25594978 -0.136364
25764053 -0.25
25790029 -0.25
25912421 -0.25
25983683 -0.25
26076171 -0.25
26486100 -0.25
26527359 -0.25
26567207 -0.25
26606370 -0.25
26680621 -0.25
26738307 -0.25
26825888 -0.25
26861334 -0.25
26901865 -0.25
26941916 -0.25
26995090 -0.280992
27142651 -0.25
27203754 -0.25
27621729 -0.25
27630234 -0.136364
27723286 -0.25
27784440 -0.25
27810931 -0.136364
27844343 -0.25
27890239 -0.25
27919841 -0.25
28051559 -0.25
28129579 -0.25
28230271 -0.25
28375470 -0.25
28452369 -0.136364
28557487 -0.25
28698268 -0.25
28837997 -0.136364
28909659 -0.25
28934875 -0.25
28983614 -0.25
29019248 -0.25
29083632 -0.25
29178617 -0.25
29205319 -0.25
29242857 -0.25
29399807 -0.25
29443425 -0.25
29580134 -0.25
29999273 -0.25
30359192 -0.25
30602928 -0.25
30888548 -0.25
31089643 -0.25
31398769 -0.136364
31590162 -0.25
31637109 -0.136364
31795637 -0.25
31842803 -0.136364
31962901 -0.25
33910005 -0.136364
33962149 -0.25
33988704 -0.136364
34506521 -0.25
34928209 -0.136364
35043501 -0.136364
35119183 -0.136364
35244929 -0.136364
35285824 -5.20417e-17
35369180 -5.20417e-17
35423827 -5.20417e-17
35481561 -5.20417e-17
35615930 -1.12757e-16
35680402 -5.20417e-17
35792584 -5.20417e-17
36115792 -5.20417e-17
36272217 -5.20417e-17
36576573 -5.20417e-17
37201309 -5.20417e-17
37715235 -5.20417e-17
38111293 -5.20417e-17
38145503 -5.20417e-17
38244818 -5.20417e-17
38379916 -5.20417e-17
38415170 -5.20417e-17
38438896 -5.20417e-17
38493957 -5.20417e-17
38752799 -5.20417e-17
38786796 -5.20417e-17
38984186 -5.20417e-17
39081257 -5.20417e-17
39661782 -5.20417e-17
39960695 -5.20417e-17
40142781 -5.20417e-17
40186480 -5.20417e-17
40362027 -5.20417e-17
40431935 -5.20417e-17
40461914 -5.20417e-17
41372302 -5.20417e-17
41414409 -5.20417e-17
41466596 -5.20417e-17
41495387 -5.20417e-17
41733010 -5.20417e-17
41758469 -5.20417e-17
41820094 -5.20417e-17
41965392 -5.20417e-17
42044388 -5.20417e-17
42101682 -5.20417e-17
42182473 -5.20417e-17
42209620 -5.20417e-17
42275849 -5.20417e-17
42299316 -5.20417e-17
42324452 -5.20417e-17
42370967 -5.20417e-17
42405345 -5.20417e-17
42434510 -5.20417e-17
42515902 -5.20417e-17
42539634 -5.20417e-17
42689620 -5.20417e-17
42798040 -5.20417e-17
42949795 -5.20417e-17
42958430 -5.20417e-17
42969750 -5.20417e-17
42972420 -5.20417e-17
42977225 -5.20417e-17
43030373 -5.20417e-17
43040405 -5.20417e-17
43046163 -5.20417e-17
43083387 -5.20417e-17
43086802 -5.20417e-17
43090752 -5.20417e-17
43092889 -5.20417e-17
43117481 -5.20417e-17
43126504 -5.20417e-17
43220110 -0.0526316
43389524 -5.20417e-17
43392438 -5.20417e-17
43396034 -5.20417e-17
43690022 -0.136364
43794293 -5.20417e-17
43822345 -5.20417e-17
43824201 -5.20417e-17
44405371 -1.12757e-16
44650276 -5.20417e-17
44743578 -5.20417e-17
44745982 -5.20417e-17
44748499 -5.20417e-17
44751105 -5.20417e-17
44806134 -5.20417e-17
44821728 -5.20417e-17
44853190 -5.20417e-17
44875359 -5.20417e-17
44878284 -5.20417e-17
44892653 -5.20417e-17
44926555 -5.20417e-17
44954548 -5.20417e-17
44974535 -5.20417e-17
44994070 -5.20417e-17
45010600 -5.20417e-17
45114868 -5.20417e-17
45123635 -5.20417e-17
45178142 -5.20417e-17
45215019 -5.20417e-17
45280874 -5.20417e-17
45438677 -5.20417e-17
45448195 -5.20417e-17
45552803 -5.20417e-17
45613860 -5.20417e-17
45649222 -5.20417e-17
45659566 -5.20417e-17
45706745 -5.20417e-17
45935941 -5.20417e-17
46097283 -5.20417e-17
46105947 -5.20417e-17
46119072 -5.20417e-17
46130859 -0.136364
46175141 -5.20417e-17
46198203 -5.20417e-17
46640732 -5.20417e-17
46643373 -5.20417e-17
46669339 -5.20417e-17
46684006 -5.20417e-17
46712826 -0.136364
46727502 -0.350482
46731820 -0.136364
46734559 -0.136364
46741634 -0.25
46758945 -0.136364
46830167 -0.280992
46850373 -0.25
46854308 -0.25
46858485 -0.25
46860521 -0.25
46864923 -0.25
46871468 -0.25
46877273 -0.25
46886760 -0.25
46933171 -0.25
46941657 -0.25
46961678 -0.136364
46965460 -0.25
46967936 -0.136364
47054790 -0.25
47067330 -0.25
47071111 -0.25
47125551 -5.20417e-17
47136557 -5.20417e-17
47140392 -0.136364
47166838 -0.136364
47181819 -0.25
47196475 -0.136364
47200502 -0.136364
47221011 -0.136364
47226265 -1.12757e-16
47251353 -0.136364
47269984 -0.136364
47276559 -5.20417e-17
47290419 -0.136364
47294466 -0.136364
47301507 -0.136364
47328603 -0.136364
47331975 -0.254603
47355840 -0.136364
47366352 -0.136364
47379308 -0.136364
47390458 -0.136364
47393262 -0.136364
47401657 -0.136364
47403754 -0.136364
47406122 -0.136364
47408547 -0.136364
47414503 -0.136364
47417910 -0.136364
47422253 -0.136364
47442414 -0.195652
47445841 -0.136364
47450968 -0.136364
47457011 -0.136364
47458885 -0.136364
47484187 -0.136364
47491257 -0.136364
47494156 -0.136364
47496041 -0.136364
47509495 -0.136364
47514803 -0.136364
47523436 -0.136364
47525446 -0.136364
47538229 -0.136364
47548349 -0.136364
47550684 -0.226415
47556722 -0.136364
47568646 -0.136364
47571040 -0.136364
47578982 -0.136364
47581210 -0.136364
47586258 -0.136364
47590195 -0.136364
47594000 -0.136364
47597775 -0.136364
47599610 -0.136364
47665347 -0.136364
47670147 -0.136364
47751990 -0.136364
47769672 -0.25
47773155 -0.25
47776760 -0.25
47779235 -0.136364
47788105 -0.136364
47793853 -0.25
47823816 -0.25
47835913 -0.136364
47843402 -0.136364
47958898 -0.136364
48007001 -0.136364
48011556 -5.20417e-17
48024037 -0.136364
48025809 -5.20417e-17
48079383 -0.25
48113246 -0.280992
48132642 -5.20417e-17
48153211 -5.20417e-17
48156144 -5.20417e-17
48165515 -0.25
48179131 -0.25
48206277 -0.0526316
48219203 -5.20417e-17
48229649 -5.20417e-17
48238093 -5.20417e-17
48271736 -5.20417e-17
48301906 -5.20417e-17
48305104 -5.20417e-17
48309457 -5.20417e-17
48699952 -5.20417e-17
48761853 -5.20417e-17
48786157 -5.20417e-17
48793161 -5.20417e-17
48809879 -5.20417e-17
48821743 -5.20417e-17
48842474 -0.153846
48849892 -5.20417e-17
48863027 -5.20417e-17
48870752 -0.25
48872732 -0.25
48875681 -0.25
48877507 -0.25
48957566 0.25
48996559 -5.20417e-17
49000413 0.0625
49002977 -5.20417e-17
49007668 -5.20417e-17
49011529 -5.20417e-17
49080769 -5.20417e-17
49102892 0.25
49110601 0.25
49114628 0.0625
49122962 0.25
49125202 0.25
49151323 0.107143
49153370 0.107143
49165709 -0.153846
49185950 0.107143
49188573 0.107143
49191102 -0.153846
49226237 -0.153846
49228692 -0.153846
49232748 -0.153846
49236023 -0.153846
49258868 -0.153846
49292394 -0.25
49301920 -0.153846
49303991 -0.25
49306407 -0.25
49314806 -0.153846
49318198 -0.153846
49320417 -0.153846
49325484 -0.153846
49354794 0.047619
49389436 -0.153846
49409496 0.047619
49419066 0.047619
49421679 0.047619
49424569 0.047619
49426657 0.047619
49431777 0.047619
49453891 0.047619
49489939 0.25
49514290 0.047619
49518305 0.047619
49536028 -0.0185185
49547271 -0.153846
49555747 -0.153846
49562817 -0.153846
49569728 -0.153846
49572332 -0.153846
49574481 -0.153846
49576338 4.16334e-17
49582012 -0.153846
49680666 -0.2
49747507 -1.12757e-16
49787117 -0.25
49802752 0.047619
49806593 0.047619
49816209 4.16334e-17
49825477 4.16334e-17
49890219 -0.136364
50116853 0.107143
50143908 0.107143
50150897 0.107143
50257198 -0.264368
50264011 -5.20417e-17
50272405 -0.195652
50283670 -0.226415
50288833 -0.153846
50317829 -5.20417e-17
50325785 0.411765
50336017 -5.20417e-17
50344707 -0.136364
50411019 0.411765
50443851 0.411765
50446660 0.274194
50451401 0.314159
50476542 0.411765
50504231 0.25
50515560 -0.136364
50529069 -0.25
50562968 -0.25
50590190 -1.12757e-16
50600715 0.107143
50610764 -1.12757e-16
50616367 -1.12757e-16
50668371 -0.25
50679531 -0.153846
50695993 -5.20417e-17
50704311 -0.195652
50727159 -0.195652
50731387 -0.00515464
50755400 -1.12757e-16
50785143 -0.25
50788649 0.107143
50893479 -1.12757e-16
50936335 -1.12757e-16
50999571 -1.12757e-16
51043746 -1.12757e-16
51046353 -1.12757e-16
51051103 -1.12757e-16
51155239 -1.12757e-16
51158034 -1.12757e-16
51163415 -1.12757e-16
51173612 -1.12757e-16
51176803 -1.12757e-16
51195432 0.166667
51210340 -1.12757e-16
51296249 -1.12757e-16
51305500 0.25
51344274 -1.12757e-16
51352471 0.047619
51393606 -1.12757e-16
51397065 0.107143
51421383 0.314159
51437840 -5.20417e-17
51440452 -0.133737
51550716 -0.136364
51591190 -5.20417e-17
51600257 -0.25
51640472 -0.153846
51667131 -0.184211
51695582 -0.184211
51700164 -0.184211
51704746 -0.25
51714486 -0.184211
51730641 -0.0185185
51740435 0.25
51810133 -0.25
51824976 0.047619
51829646 0.107143
51842219 0.25
51939271 -0.25
51946050 -0.280992
51954444 -0.184211
51968926 -1.12757e-16
51994200 0.107143
52028453 -0.0185185
52031217 -0.0185185
52042215 -1.12757e-16
52057188 -1.12757e-16
52097495 -1.12757e-16
52157617 -0.184211
52167916 -1.12757e-16
52174946 -1.12757e-16
52204217 -0.242089
52278660 0.166667
52287112 0.166667
52298542 -0.195652
52302188 -0.195652
52371542 0.166667
52395269 0.166667
52405077 0.25
52425551 -1.12757e-16
52430812 -5.20417e-17
52443633 0.166667
52455078 -1.12757e-16
52461950 -1.12757e-16
52488887 -5.20417e-17
52533599 -5.20417e-17
52543277 -1.12757e-16
52569529 0.310345
52574566 -5.20417e-17
52580928 -0.0185185
52595117 -0.0185185
52640773 0.166667
52719088 -1.12757e-16
52721663 -1.12757e-16
52734988 -0.0526316
52737922 -1.12757e-16
52746624 4.16334e-17
52767605 4.16334e-17
52799748 4.16334e-17
52809229 4.16334e-17
52821192 -0.136364
52829156 -0.195652
52856594 0.5
52863419 -5.20417e-17
52883527 -0.184211
52887391 -0.184211
52894013 4.16334e-17
52897111 -0.184211
52911169 -0.184211
52916200 -5.20417e-17
52931841 4.16334e-17
52957703 -0.153846
52960748 -0.25
52999167 -0.184211
53010195 -0.184211
53019579 4.16334e-17
53045202 -0.184211
53060762 4.16334e-17
53076934 -5.20417e-17
53084396 -0.195652
53091183 -0.184211
53132226 -0.25
53176771 -0.136364
53192500 -0.25
53211741 -0.280992
53224176 0.107143
53247366 0.107143
53251968 0.107143
53264912 0.107143
53273144 0.107143
53291663 0.107143
53296169 0.107143
53299447 0.107143
53303221 0.107143
53306531 0.107143
53313886 -0.136364
53318020 -0.136364
53324306 -0.136364
53407746 0.107143
53424779 0.107143
53430108 -0.136364
53502168 -0.136364
53505344 -0.136364
53510159 -0.136364
53512060 -0.25
53514087 -0.136364
53532508 0.107143
53548024 0.107143
53553870 0.107143
53563081 -0.136364
53566363 0.107143
53568343 -0.25
53570343 0.107143
53580018 0.107143
53596707 0.107143
53601456 0.107143
53612637 0.107143
53718636 0.25
53740575 -0.136364
53773731 0.5
53782265 0.5
53785819 0.194631
53799032 0.25
53804615 0.107143
53844691 -0.136364
53874358 -5.20417e-17
54088048 -0.111111
54105169 -0.25
54107785 -0.25
54118038 -0.25
54133882 -0.25
54143499 -0.25
54157297 -0.25
54165254 -0.25
54175562 -0.25
54185966 -0.25
54191166 -0.25
54196729 -0.25
54202828 -0.25
54211458 -0.25
54214180 -0.25
54249904 -0.25
54267101 -0.25
54356540 0.107143
54391672 -5.20417e-17
54427340 0.452055
54440620 -0.136364
54453535 -5.20417e-17
54478690 -0.136364
54485600 -5.20417e-17
54491789 -5.20417e-17
54495741 -0.25
54535158 -0.136364
54576800 -0.136364
54620017 -0.136364
54623866 -0.25
54630009 -0.136364
54634372 -0.136364
54646715 -0.25
54673786 -0.25
54682551 -0.136364
54687335 -0.25
54694219 -0.136364
54697580 -0.25
54704360 -0.25
54708357 -0.25
54729930 -0.136364
54732215 -0.25
54737619 -0.136364
54779119 -0.136364
54787019 -0.153846
54801028 -0.136364
54805676 4.16334e-17
54811534 -0.153846
54816006 -0.153846
54876997 -0.25
54912585 -0.25
54928983 -0.25
54936158 -0.25
54993559 -0.153846
55024533 -0.25
55026765 -0.25
55028584 -0.25
55042507 -0.25
55048529 0.25
55059533 0.107143
55080320 0.25
55082903 0.107143
55108550 -0.153846
55118428 -5.20417e-17
55134883 0.107143
55196299 -0.226415
55203161 -0.136364
55227914 -0.25
55236361 -0.136364
55271472 -0.136364
55279467 -0.25
55284427 -0.136364
55310333 -0.25
55318551 -0.25
55328225 -5.20417e-17
55331560 -0.25
55346563 -0.136364
55363196 -0.136364
55367486 -0.136364
55474435 -0.25
55483731 -0.136364
55493680 -0.264368
55510796 -0.25
55525470 -0.00515464
55533172 -1.12757e-16
55571136 -0.136364
55575980 -0.25
55606840 -0.136364
55622046 -0.136364
55625519 -0.153846
55643993 -0.00515464
55660965 0.25
55675146 0.107143
55684223 -0.25
55700093 -0.195652
55706377 -5.20417e-17
55715030 -0.25
55733993 -0.25
55752688 -0.136364
55790208 -0.136364
55823043 -5.20417e-17
55863741 -5.20417e-17
55883783 -0.25
55895706 -5.20417e-17
55901509 0.107143
55927574 -0.25
55932579 0.107143
55940630 -0.25
55947817 -5.20417e-17
55955332 -0.25
55988983 -5.20417e-17
55998003 -0.25
56027056 -0.25
56048358 -0.25
56058056 -0.25
56065506 -0.25
56081784 -0.136364
56084992 -0.136364
56094541 -0.25
56096448 -0.25
56100116 -0.25
56112487 -0.25
56114390 0.107143
56123516 0.107143
56127446 0.107143
56143080 -0.25
56147213 0.25
56151068 -0.105769
56161047 -0.25
56175604 -0.136364
56180270 -0.25
56195918 0.107143
56207755 0.107143
56299103 0.107143
56311891 -0.25
56319658 -0.25
56326388 -0.25
56328931 -0.25
56338144 -0.136364
56346353 -0.136364
56350292 -5.20417e-17
56353516 -5.20417e-17
56377984 -0.136364
56395457 -5.20417e-17
56401752 -0.25
56416483 -0.25
56430921 -0.136364
56447039 -0.136364
56453685 -0.136364
56483164 -0.136364
56502565 -0.136364
56542918 -0.25
56545059 -0.25
56548554 -5.20417e-17
56570437 -5.20417e-17
56587835 -0.136364
56594761 -0.25
56613048 -5.20417e-17
56637428 -5.20417e-17
56651760 -5.20417e-17
56710850 -0.25
56743614 -5.20417e-17
56755166 -5.20417e-17
56759466 -5.20417e-17
56766936 -0.25
56769610 -0.25
56792286 -5.20417e-17
56797850 -5.20417e-17
56811509 -5.20417e-17
56815568 -0.25
56817839 -0.25
56836565 -5.20417e-17
56876857 -5.20417e-17
56893234 -5.20417e-17
56901166 -5.20417e-17
56919109 -5.20417e-17
56941366 -5.20417e-17
56967695 -0.136364
56979330 -5.20417e-17
57009954 0.25
57013050 0.25
57025570 -0.25
57039767 -0.136364
57059620 -0.136364
57062268 -0.136364
57072857 -5.20417e-17
57077604 -0.136364
57080773 -0.136364
57094471 0.107143
57145287 -0.25
57152735 -0.25
57202252 -5.20417e-17
57206151 -0.25
57223391 -0.136364
57227187 -5.20417e-17
57230150 0.25
57242776 -5.20417e-17
57257626 -5.20417e-17
57272786 -0.105769
57280693 -0.25
57288891 -0.136364
57293005 -5.20417e-17
57370289 -0.136364
57389505 -5.20417e-17
57398363 -0.136364
57402050 -0.136364
57425465 -5.20417e-17
57442449 -5.20417e-17
57473940 -5.20417e-17
57484292 -5.20417e-17
57494903 -5.20417e-17
57519882 -5.20417e-17
57533306 -5.20417e-17
57549280 -5.20417e-17
57552006 -5.20417e-17
57569092 -5.20417e-17
57587071 -5.20417e-17
57590323 -5.20417e-17
57620505 -0.136364
57673097 -0.136364
57679910 -0.136364
57721413 -0.136364
57724502 -0.136364
57745955 0.107143
57766653 -5.20417e-17
57829659 -0.136364
57832495 -0.136364
57886351 -0.136364
57900605 -0.136364
57968596 -0.136364
