40207 -0.25
43353 -5.20417e-17
52876 -0.25
65464 -5.20417e-17
73510 -5.20417e-17
88247 -5.20417e-17
93266 -5.20417e-17
130157 -0.25
144508 -5.20417e-17
152779 -0.153846
154562 -5.20417e-17
155936 -0.25
172344 -0.153846
190501 -0.25
381900 -0.136364
411289 -0.136364
433649 -0.2
444904 -0.153846
540026 -1.12757e-16
564445 -0.153846
654633 -0.25
664201 -0.25
671800 -0.153846
680033 -0.153846
811375 0.107143
860019 0.107143
947664 0.25
957723 0.107143
1037460 0.107143
1091017 -5.20417e-17
1121927 -5.20417e-17
1140986 -0.20675
1159635 -5.20417e-17
1249059 -5.20417e-17
1260318 -5.20417e-17
1366111 -0.25
1372906 -0.25
1385153 -0.25
1423980 -5.20417e-17
1443929 0.166667
1536458 -5.20417e-17
1628847 -0.136364
1632501 -0.136364
1818534 -5.20417e-17
2020603 -1.12757e-16
2033668 -5.20417e-17
2060674 -5.20417e-17
2437595 -0.153846
2438308 -0.153846
2464228 -5.20417e-17
2465351 -5.20417e-17
2469719 -5.20417e-17
2491792 -5.20417e-17
2532517 -5.20417e-17
2535137 -5.20417e-17
2574461 -5.20417e-17
2600156 -5.20417e-17
2612472 0.107143
2624087 0.107143
2655296 -5.20417e-17
2666285 -5.20417e-17
2668009 -5.20417e-17
2670759 -5.20417e-17
2690170 -0.0526316
2700072 -0.0526316
2701936 -5.20417e-17
2724853 -5.20417e-17
2743840 -5.20417e-17
2759942 -5.20417e-17
2762493 -5.20417e-17
2804779 -5.20417e-17
2817583 -5.20417e-17
2821763 -5.20417e-17
2834114 -5.20417e-17
2878689 -0.0526316
2886496 -5.20417e-17
2910335 -5.20417e-17
2912837 -5.20417e-17
2920837 -5.20417e-17
2932503 0.5
2949768 0.5
2978524 0.5
2984846 0.5
2995045 -5.20417e-17
3021880 -5.20417e-17
3026886 -5.20417e-17
3028897 0.25
3033215 0.25
3036839 0.25
3057990 -5.20417e-17
3062578 0.25
3066188 0.25
3068678 0.25
3084876 -5.20417e-17
3087813 0.25
3095110 -5.20417e-17
3113757 -5.20417e-17
3122278 -5.20417e-17
3163093 0.5
3165997 0.0833333
3167571 0.387755
3179982 -5.20417e-17
3188167 -5.20417e-17
3194674 -5.20417e-17
3204569 -5.20417e-17
3210155 0.0952207
3220567 -5.20417e-17
3224985 -5.20417e-17
3234008 -5.20417e-17
3241878 -5.20417e-17
3273189 -5.20417e-17
3282936 -5.20417e-17
3288683 0.25
3300645 0.25
3303960 0.25
3315931 0.25
3318087 0.25
3318833 0.25
3321835 0.25
3337039 -5.20417e-17
3339419 -5.20417e-17
3409307 0.5
3858429 4.16334e-17
3872947 -0.25
3879026 -5.20417e-17
3895518 4.16334e-17
3896894 -0.136364
3898742 -0.0526316
3903217 -0.136364
3924161 -0.264368
3974973 -0.136364
3981112 -0.136364
3991546 -5.20417e-17
4016975 -0.264368
4018151 -0.136364
4020347 -0.136364
4022290 -5.20417e-17
4034346 -0.280992
4036328 -0.226415
4114588 -1.12757e-16
4231147 -1.12757e-16
4232510 -5.20417e-17
4237522 -5.20417e-17
4247302 -5.20417e-17
4259339 -5.20417e-17
4265150 -5.20417e-17
4277666 -5.20417e-17
4337391 -1.12757e-16
4381691 -5.20417e-17
4396030 -0.25
4429189 -5.20417e-17
4429773 -0.25
4454325 -0.25
4536312 -5.20417e-17
4537562 -5.20417e-17
4559209 -5.20417e-17
4568981 -5.20417e-17
4571294 -0.156417
4611880 -0.25
4623018 -5.20417e-17
4688675 -1.12757e-16
4730593 -5.20417e-17
4883153 -5.20417e-17
4885291 0.411765
4915929 -5.20417e-17
4918294 -5.20417e-17
4924020 -5.20417e-17
4928272 -5.20417e-17
4940081 0.25
4968848 -0.136364
4991574 -5.20417e-17
5016125 0.107143
5018178 -5.20417e-17
5063857 0.107143
5077891 -5.20417e-17
5078998 -5.20417e-17
5082788 -5.20417e-17
5086535 -5.20417e-17
5089853 -5.20417e-17
5114882 -0.25
5123258 -0.136364
5145587 -5.20417e-17
5181902 -0.136364
5191003 -0.136364
5214440 -0.184211
5216014 -5.20417e-17
5221315 -5.20417e-17
5248670 -5.20417e-17
5251993 -0.25
5265136 -0.25
5368852 -5.20417e-17
5375062 -0.25
5385055 -5.20417e-17
5391104 -5.20417e-17
5403894 -0.136364
5421365 -5.20417e-17
5422037 -5.20417e-17
5451764 -0.25
5456442 -0.25
5457246 -5.20417e-17
5466171 -0.136364
5497330 -5.20417e-17
5519214 -5.20417e-17
5529532 -5.20417e-17
5556889 -0.25
5764249 -0.153846
5765515 -0.280992
5770718 -0.136364
5788878 -5.20417e-17
5798679 -0.25
5808160 -0.0526316
5923602 -5.20417e-17
5938285 -0.184211
5940741 -0.25
5960839 -0.25
5982921 -5.20417e-17
5984082 -5.20417e-17
6036060 -0.25
6053956 -5.20417e-17
6108248 -5.20417e-17
6187284 -0.136364
6192890 -5.20417e-17
6200435 -5.20417e-17
6291699 -5.20417e-17
6293002 -0.25
6303620 -0.25
6306291 -5.20417e-17
6320676 -0.25
6349120 -0.25
6353768 -5.20417e-17
6355287 -5.20417e-17
6360555 -5.20417e-17
6362388 -5.20417e-17
6390761 -5.20417e-17
6414157 -5.20417e-17
6429118 -5.20417e-17
6475023 -0.25
6485938 -0.25
6488870 -0.25
6490069 -0.25
6491168 -0.25
6559823 -0.25
6579189 -0.25
6594458 -5.20417e-17
6599928 -5.20417e-17
6602964 -5.20417e-17
6641366 -0.153846
6643125 -0.153846
6686350 -5.20417e-17
6706064 -5.20417e-17
6730728 -5.20417e-17
6752884 -5.20417e-17
6754893 -5.20417e-17
6757509 -0.0526316
6765164 -0.25
6819959 -0.25
6852529 -5.20417e-17
6898693 -0.136364
6906894 -0.136364
6931152 -0.254603
6935933 -0.350482
6942203 -0.226415
6962266 -0.136364
7018107 -0.153846
7070970 -0.136364
7245899 -0.25
7304742 -0.25
7323722 -0.25
7355608 -0.25
7359007 -0.25
7409086 -0.25
7428365 -0.25
7472599 -0.25
7477627 -5.20417e-17
7495605 -5.20417e-17
7496686 -5.20417e-17
7542383 -5.20417e-17
7545073 -5.20417e-17
7569581 -5.20417e-17
7575616 -5.20417e-17
7615905 -5.20417e-17
7618741 -5.20417e-17
7622134 -5.20417e-17
7636715 -0.25
7637916 -0.25
7646691 -0.136364
7650367 -0.136364
7651942 -0.136364
7658072 -5.20417e-17
7663667 -5.20417e-17
7678851 -5.20417e-17
7681914 -5.20417e-17
7691967 -5.20417e-17
7705501 -0.136364
7710771 -0.136364
7745638 -0.136364
7753289 -0.25
7771549 -0.226415
7795855 -5.20417e-17
7808508 -5.20417e-17
7824435 -5.20417e-17
7827014 -5.20417e-17
7832262 -5.20417e-17
7851767 -0.25
7856028 -5.20417e-17
7860518 -5.20417e-17
7862681 -5.20417e-17
7868863 -5.20417e-17
7871558 -0.136364
7874578 -5.20417e-17
7878533 -5.20417e-17
7881251 -0.136364
7887391 -0.25
7888303 -0.25
7911094 4.16334e-17
7912688 -0.136364
7926464 -0.25
7934662 -0.25
7952738 -0.25
7960994 -0.25
7989492 -0.25
8012786 -0.25
8021155 -0.136364
8024362 -0.136364
8031713 -5.20417e-17
8044841 -5.20417e-17
8051904 -5.20417e-17
8056413 -5.20417e-17
8057681 -5.20417e-17
8123927 -5.20417e-17
8125711 -0.136364
8126683 -5.20417e-17
8131035 -0.136364
8137550 -0.136364
8193257 -0.25
8206004 -0.25
8215952 -0.25
8237979 -0.25
8251589 -0.25
8260280 -0.25
8276957 -0.25
8285881 -0.25
8306576 -0.25
8307111 -0.25
8309503 -0.25
8319550 -0.25
8323175 -0.280992
8328841 -0.25
8335280 -0.25
8340694 -0.25
8364429 -0.25
8367502 -0.25
8377811 -0.25
8425687 -0.25
8450565 -0.25
8460028 -0.25
8461754 -0.25
8480559 -0.0185185
8520950 -0.25
8528893 -0.2
8531492 -0.25
8553026 -0.25
8562552 -0.25
8563678 -0.25
8583733 -0.25
8632757 -0.25
8650265 -0.134918
8697890 -0.136364
8699308 -0.136364
8788505 -0.136364
8789695 -0.136364
8863343 -0.136364
8867073 -0.136364
8876445 -0.136364
8879843 4.16334e-17
8882351 -0.136364
8889776 -0.136364
8905243 -0.136364
8910037 -0.136364
8912509 -0.136364
8928888 -0.0526316
8942423 -0.136364
8947527 -0.136364
8964128 0.150295
8969904 -0.136364
8987847 -0.136364
9007029 -0.136364
9008028 -0.136364
9023844 -0.136364
9037569 -0.136364
9076681 -0.136364
9095020 -0.136364
9118550 -0.136364
9124069 -0.136364
9132759 -0.136364
9138434 -0.136364
9139584 -0.136364
9143502 -0.136364
9144577 -0.136364
9206560 -0.136364
9222627 -0.136364
9223782 -0.136364
9296384 -0.136364
9321163 -0.136364
9343826 -0.136364
9382412 4.16334e-17
9409467 -0.136364
9419421 -0.136364
9438704 -5.20417e-17
9439870 -0.136364
9441672 -5.20417e-17
9442855 -5.20417e-17
9446100 -5.20417e-17
9457329 -5.20417e-17
9466781 -5.20417e-17
9467492 -0.136364
9485106 -0.136364
9489274 -0.136364
9500653 -0.136364
9502688 -0.136364
9511383 -0.136364
9516193 -0.136364
9517197 -0.136364
9518828 -0.136364
9524919 -0.136364
9535961 -0.136364
9543730 0.107143
9602165 -0.136364
9606645 -0.136364
9652403 0.166667
9665913 -5.20417e-17
9730337 0.276765
9736238 -5.20417e-17
9738069 -5.20417e-17
9746402 -5.20417e-17
9816827 -0.136364
10039104 -0.25
10054874 -0.25
10068389 -0.25
10105271 -0.25
10106634 -0.25
10108866 -0.25
10109446 -0.25
10114050 -0.25
10119797 -0.25
10165542 -0.25
10168014 -0.25
10184381 -0.25
10185314 -0.25
10186658 -0.25
10241187 -0.25
10242359 -0.25
10258309 -0.25
10261578 -0.25
10283802 -0.25
10286005 -0.25
10308831 -0.25
10448842 -0.25
10453460 -0.25
10456459 -0.25
10458355 -0.25
10501318 -0.25
10514582 -0.25
10537461 -0.2
10539892 -0.25
10554976 -0.2
10556181 -0.25
10560428 -0.25
10565215 -0.25
10567420 -0.25
10568995 -0.25
10570986 -0.25
10588573 -0.25
10590195 -0.25
10600065 -0.25
10601031 -0.25
10603821 -0.25
10677437 -0.25
10701151 -0.2
10722192 -0.25
10736049 -0.25
10782303 -0.264368
10807380 -0.25
10813406 -0.25
10814920 -0.25
10824908 -0.25
10827181 -0.134918
10828311 -0.25
10829690 -0.105769
10830702 -0.25
10832712 -0.25
10834781 -0.25
10835697 -0.25
10852941 -0.25
10859999 -0.264368
10868677 -0.25
10870816 -0.25
10886352 -0.25
10891374 -0.25
10899877 -0.264368
10901533 -0.25
10903689 -0.25
10921717 -0.25
10926314 -0.25
10927999 -0.25
10930105 -0.25
10930640 -0.25
10931875 -0.25
10934051 -0.25
10937725 -0.25
10939779 -0.25
10943904 -0.25
10959554 -0.25
10980322 -0.25
10982406 -0.25
10984579 -0.264368
10985207 -0.264368
10986183 -0.25
10989781 -0.2
10990747 -0.226415
10992188 -0.25
11019948 -0.2
11031953 -0.25
11057181 -0.136364
11067513 -0.226415
11177483 -0.136364
11191239 -0.226415
11196201 -0.136364
11196802 -0.136364
11200993 -0.197917
11202690 -0.136364
11205909 -0.195652
11207062 -0.136364
11212873 -0.136364
11213607 -0.136364
11215748 -0.136364
11216341 -0.136364
11217977 -0.197917
11231384 -0.226415
11235875 -0.136364
11237076 -0.2
11238386 -0.153846
11239216 -0.136364
11239997 -0.136364
11249766 -0.136364
11257621 -0.136364
11258199 -0.226415
11259598 -0.136364
11261982 -0.136364
11266131 -0.136364
11267365 -0.136364
11268301 -0.195652
11269555 -0.195652
11273254 -0.195652
11301037 -0.136364
11306166 -0.136364
11306802 -0.226415
11308896 -0.136364
11309650 -0.226415
11310321 -0.195652
11317252 -0.136364
11322989 -0.136364
11337162 -0.136364
11354829 -0.195652
11371227 -0.136364
11373681 -0.136364
11386883 -0.195652
11394142 -0.136364
11394730 -0.136364
11407472 -0.195652
11408275 -0.136364
11428503 -0.136364
11431180 -0.136364
11432391 -0.195652
11434129 -0.136364
11437100 -0.136364
11439085 -0.136364
11440012 -0.195652
11450521 -0.195652
11451287 -0.195652
11473292 -0.136364
11474581 -0.136364
11479383 -0.136364
11527344 -0.136364
11531640 -0.136364
11539712 -0.136364
11548222 -0.226415
11565759 -0.136364
11584261 -0.136364
11585878 -0.197917
11592971 -0.136364
11602516 -0.136364
11603310 -0.197917
11700331 -0.136364
11705080 -0.195652
11715928 -0.136364
11728944 -0.136364
11748353 -0.136364
11756838 -0.136364
11771446 -0.136364
11786248 -0.136364
11804600 -0.136364
11832267 -0.136364
11839060 -0.136364
11848857 -0.136364
11864490 -0.136364
11909074 -0.136364
11910025 -0.136364
11921407 -0.136364
11932808 -0.136364
11948205 -0.136364
11952346 -0.136364
11974688 -0.197917
11993140 -0.136364
11995167 -0.136364
11995707 -0.136364
11996331 -0.136364
11997040 -0.136364
12050767 -0.350482
12056547 -0.136364
12059482 -0.136364
12070672 -0.136364
12075073 -0.136364
12079829 -0.197917
12107480 -0.136364
12109953 -0.226415
12155638 -0.136364
12171202 -0.136364
12183148 -0.136364
12220777 -0.136364
12221318 -0.136364
12242329 -0.136364
12277067 -0.136364
12296024 -0.226415
12349790 -0.136364
12373410 -0.136364
12375456 -0.136364
12376257 -0.136364
12403059 -0.136364
12437969 -0.136364
12439072 -0.136364
12441147 -0.254603
12457118 -0.254603
12472067 -0.136364
12534725 -0.136364
12600755 -0.136364
12636175 -0.136364
12669898 -0.136364
12695907 -0.136364
12706720 -0.136364
12748858 -0.136364
12805192 -0.226415
12806655 -0.136364
12809114 -0.195652
12830125 0.151671
12833543 -0.136364
12853613 -0.136364
12921852 -0.136364
12934243 -0.136364
13014028 -0.136364
13026520 -0.136364
13044621 -0.136364
13067450 -0.136364
13088272 -0.136364
13092312 -0.136364
13093911 -0.195652
13176087 -0.136364
13176663 -0.226415
13346801 -0.136364
13350622 -0.136364
13442991 -0.136364
13478946 -0.25
13483049 -0.25
13485958 -0.25
13524780 -0.25
13530340 -0.195652
13540657 -0.25
13590257 -0.136364
13594605 -0.136364
13597219 -0.136364
13602821 -0.136364
13605770 -0.136364
13607831 -0.136364
13784462 -0.136364
14092832 -0.25
14105412 -0.25
14106459 -0.25
14157098 -0.25
14158741 -0.136364
14164853 -0.136364
14189399 -0.136364
14199900 -0.136364
14202723 -0.136364
14204923 -0.136364
14213563 -0.136364
14235939 -0.226415
14241130 -0.136364
14243748 -0.136364
14247404 -0.136364
14249901 -0.136364
14269173 -0.136364
14270807 -0.136364
14303107 -0.136364
14304060 -0.136364
14304968 -0.136364
14327172 -0.136364
14342291 -0.136364
14344298 -0.226415
14385106 -0.136364
14487769 -0.136364
14505370 -0.136364
14917572 -0.136364
14920947 -5.20417e-17
14924454 -0.136364
14925838 -0.136364
14928257 -0.136364
14936959 -0.136364
14939266 -0.136364
14940411 -0.136364
14948885 -0.136364
14949725 -5.20417e-17
14955452 -5.20417e-17
14956353 -5.20417e-17
14956975 -5.20417e-17
14965737 -5.20417e-17
14982826 -0.136364
14986554 -0.136364
14998251 -5.20417e-17
15007771 -0.136364
15031910 -0.136364
15036339 -0.136364
15041157 -5.20417e-17
15065605 -5.20417e-17
15066276 -5.20417e-17
15076736 0.0625
15079766 -0.136364
15104950 4.16334e-17
15120970 -0.136364
15132816 -0.136364
15139574 -5.20417e-17
15167724 -5.20417e-17
15169543 -5.20417e-17
15172149 -5.20417e-17
15172753 -5.20417e-17
15173304 -5.20417e-17
15174345 -5.20417e-17
15175830 -5.20417e-17
15190688 -0.25
15200362 -0.136364
15205354 -0.136364
15224667 -0.136364
15235896 -0.0526316
15238884 -0.136364
15268423 -0.136364
15269312 -0.136364
15292136 -0.136364
15308851 -0.136364
15335038 -5.20417e-17
15338498 -5.20417e-17
15343736 -0.25
15363902 -0.25
15369745 -0.136364
15378435 -0.136364
15389725 -5.20417e-17
15392901 -0.136364
15400890 -0.25
15405900 -5.20417e-17
15417090 -0.2
15427601 -5.20417e-17
15439118 -0.25
15442150 -0.136364
15448119 -0.136364
15459269 -0.136364
15463504 -0.136364
15481583 -5.20417e-17
15488907 -5.20417e-17
15490015 -5.20417e-17
15490853 -5.20417e-17
15492192 -5.20417e-17
15492938 -5.20417e-17
15519186 -5.20417e-17
15539761 -5.20417e-17
15547676 -5.20417e-17
15549080 -5.20417e-17
15552442 -5.20417e-17
15555867 -5.20417e-17
15559416 -5.20417e-17
15571783 -5.20417e-17
15578612 -5.20417e-17
15581445 -5.20417e-17
15582635 -5.20417e-17
15583530 -5.20417e-17
15603042 -0.153846
15636044 -5.20417e-17
15643035 -5.20417e-17
15658813 -5.20417e-17
15665922 -5.20417e-17
15667648 -5.20417e-17
15689076 -5.20417e-17
15725777 -5.20417e-17
15741518 -5.20417e-17
15749441 -5.20417e-17
15750880 -5.20417e-17
15754880 -5.20417e-17
15781705 0.25
15788513 0.25
15790763 0.25
15797893 0.25
15823454 -5.20417e-17
15851142 -5.20417e-17
15864498 -5.20417e-17
15886069 -5.20417e-17
15887510 -5.20417e-17
15898739 -0.136364
15918857 -0.136364
15919460 -0.136364
15923108 -0.136364
15951697 0.107143
15954986 0.107143
15960048 -0.136364
15960574 -0.136364
15972689 -0.136364
16000419 -0.136364
16003627 -0.136364
16024832 -0.136364
16030786 0.107143
16041814 0.107143
16084952 -5.20417e-17
16111431 -0.136364
16121771 0.107143
16127348 0.107143
16133875 0.107143
16142127 0.107143
16157380 -0.136364
16163483 0.107143
16172077 -0.136364
16174769 0.107143
16189195 -5.20417e-17
16190796 -5.20417e-17
16191848 -5.20417e-17
16220141 -5.20417e-17
16235287 -5.20417e-17
16244037 -5.20417e-17
16246793 -5.20417e-17
16529749 -0.136364
16531035 -0.136364
16582884 -0.0526316
16609599 -5.20417e-17
16610234 -5.20417e-17
16611404 -5.20417e-17
16619430 -5.20417e-17
16625092 -5.20417e-17
16628818 -5.20417e-17
16635357 -5.20417e-17
16641225 0.107143
16648160 0.107143
16667150 0.314159
16683993 0.107143
16708804 0.107143
16788563 -0.136364
16808881 -0.136364
16889183 -0.136364
16894812 -0.136364
16898138 -0.136364
16899786 -0.136364
16905265 -0.136364
16909108 -0.136364
16932646 -0.136364
16958191 -0.136364
16961582 -0.136364
16967580 -0.136364
16972528 -0.136364
16974662 -0.136364
17022485 -0.136364
17038279 -0.136364
17043096 -0.136364
17049517 -0.136364
17050934 -0.136364
17062570 -0.136364
17065562 -0.136364
17094997 0.107143
17181419 4.16334e-17
17239030 -5.20417e-17
17246293 -0.136364
17351090 0.107143
17409539 0.107143
17449401 0.107143
17699946 0.107143
17721312 -0.153846
17756267 0.107143
17786785 -0.153846
17811846 -0.153846
18000930 -0.25
18018416 0.25
18177057 -0.25
18264628 -0.25
18382782 -0.25
18459477 -0.25
18835471 -0.153846
18933505 -0.136364
19017836 -0.25
19054999 -5.20417e-17
19078435 -5.20417e-17
19175389 -5.20417e-17
19293182 -5.20417e-17
19367708 -0.25
19408257 -0.25
19428162 -0.136364
19451093 -0.136364
19730118 -5.20417e-17
19887612 -5.20417e-17
19927735 -5.20417e-17
19997015 -5.20417e-17
20019427 -5.20417e-17
20047291 -5.20417e-17
20069177 -5.20417e-17
20125466 -5.20417e-17
20164625 -5.20417e-17
20195379 -5.20417e-17
20247096 -5.20417e-17
20265937 -5.20417e-17
20284697 -5.20417e-17
20339164 -0.25
20392261 -0.153846
20471749 -0.136364
20495636 -0.136364
20565014 -0.136364
20588588 -0.136364
20626887 -0.136364
20679208 -0.25
20697788 -0.25
20776973 -0.136364
21255540 -0.136364
21293829 -0.136364
21415632 -0.136364
21441721 -5.20417e-17
21513068 -5.20417e-17
21703367 -5.20417e-17
21851101 -5.20417e-17
21915539 -5.20417e-17
22761938 -5.20417e-17
22970212 -0.136364
23024368 -5.20417e-17
23137451 -5.20417e-17
23456879 -5.20417e-17
23768583 -5.20417e-17
23835899 -5.20417e-17
24058349 -5.20417e-17
24213715 -5.20417e-17
24246817 -0.136364
24273608 -0.136364
24317972 -5.20417e-17
24358417 -5.20417e-17
24489733 -0.136364
24508189 -0.136364
24956464 -5.20417e-17
24977298 -5.20417e-17
24995157 -0.136364
25055709 -5.20417e-17
25078333 -0.136364
25112026 -0.184211
25236400 -5.20417e-17
25554519 -5.20417e-17
25639128 -0.136364
25747157 -5.20417e-17
25800983 -0.136364
25880840 -0.136364
26037141 -0.136364
26166813 -0.136364
26476372 -0.25
27011688 -0.136364
27138101 -5.20417e-17
27211925 -0.280992
27239333 -0.136364
27305591 -0.136364
27431876 -0.136364
27479563 -0.136364
27503018 -0.136364
27634591 -0.136364
27709568 -0.136364
27753704 -5.20417e-17
27854173 -0.136364
28118644 -5.20417e-17
28211462 -0.136364
28433219 -5.20417e-17
28774964 -0.25
28819239 -0.136364
28860360 -5.20417e-17
28892259 -0.25
28935619 -0.136364
29400223 -5.20417e-17
29491282 -0.25
29577443 -0.25
29641321 -5.20417e-17
29697689 -5.20417e-17
29887202 -0.25
29946583 -0.136364
29998160 -0.25
30187110 -0.136364
30326106 -5.20417e-17
30398934 -0.136364
30491647 -0.25
30702574 -5.20417e-17
30796110 -0.136364
31067332 -0.136364
31263344 -0.136364
31748158 -0.136364
32261803 -0.25
32484469 -0.136364
32517843 -0.136364
32868034 -0.25
33118224 -0.136364
33227966 -0.136364
33308902 0.047619
33408036 -0.25
34157286 0.411765
34174926 -0.136364
34198975 -0.136364
34208858 -0.136364
34236896 0.194631
34261213 -0.136364
34304491 -0.136364
34323829 -0.136364
34334735 -0.136364
34448149 -0.136364
34451110 -0.136364
34469474 -0.136364
34491708 -0.136364
34496675 -0.136364
34505891 -0.136364
34519056 0.047619
34519652 -0.136364
34520433 -0.136364
34548560 -0.136364
34561735 -0.136364
34663125 -0.136364
34680056 -0.136364
34735583 -0.136364
34736521 -0.136364
34741815 -0.136364
34811959 -0.136364
34967569 -5.20417e-17
35006083 -5.20417e-17
35058752 -5.20417e-17
35220682 -5.20417e-17
35259949 -5.20417e-17
35265173 -5.20417e-17
35266200 -5.20417e-17
35334874 -5.20417e-17
35613115 -0.25
35636770 -5.20417e-17
35643503 -5.20417e-17
35685118 -0.25
35702050 -5.20417e-17
35782527 -0.25
35784231 -0.25
35793643 -5.20417e-17
35881700 -5.20417e-17
36155433 -5.20417e-17
36245160 -5.20417e-17
36368238 -0.153846
36371468 -0.25
36376909 -0.25
36386538 -0.25
36399537 -0.25
36427573 -0.25
36428901 -0.25
36439830 -5.20417e-17
36449014 -0.25
36493756 -0.25
36495133 -0.25
36521566 -5.20417e-17
36523039 -5.20417e-17
36523592 -0.25
36544826 -5.20417e-17
36571545 -0.25
36580198 -0.25
36599603 -0.136364
36655672 -0.25
36656272 -0.25
36664586 -0.25
36679589 -0.25
36684209 -0.25
36711139 -0.25
36735917 -0.25
36740564 -0.25
36745679 -0.25
36772289 -0.136364
36782882 -0.136364
36790566 -0.136364
36794683 -0.280992
36855637 -0.0526316
36869304 -0.25
36894266 -0.25
36894956 -0.25
36901170 -5.20417e-17
36907461 -0.25
36925128 -0.25
36926815 -0.25
36935345 -0.25
36936795 -0.25
36945691 -0.25
36988516 -0.25
37004443 -1.12757e-16
37034937 -0.25
37047088 -0.136364
37049207 -0.136364
37057630 -0.153846
37081457 -0.136364
37090678 -0.20675
37116617 -0.136364
37120508 -0.0526316
37130677 -0.136364
37142784 -0.184211
37151383 -0.136364
37154618 -0.136364
37157220 -0.136364
37160577 -0.136364
37166523 -0.136364
37172283 -0.25
37173030 -0.25
37178762 -0.136364
37181845 0.047619
37182936 -0.136364
37199823 -0.136364
37202780 -0.136364
37207140 0.047619
37222891 -0.136364
37226994 -0.136364
37239671 -0.136364
37242805 -0.136364
37276351 -0.184211
37280491 -0.136364
37300299 -0.25
37303252 -0.25
37304889 -0.25
37305962 -0.25
37308810 -0.25
37320756 -0.136364
37321895 -0.136364
37391499 -0.153846
37401577 -0.25
37448652 -0.25
37454491 -0.136364
37459077 -0.136364
37470579 -0.25
37473773 -0.25
37477451 -0.25
37482295 -0.153846
37503899 -0.25
37516179 -0.25
37522045 -0.25
37548295 -0.25
37566929 -0.25
37568744 -0.25
37571524 -0.25
37572365 -0.25
37579786 -0.25
37585386 -0.25
37597942 -0.25
37616073 -0.25
37628811 -0.25
37629781 -0.153846
37631217 -0.25
37648206 -0.25
37656946 -0.25
37662671 -0.25
37666575 -0.25
37671359 -0.25
37685575 -0.25
37704929 -0.25
37708787 -0.25
37716519 -0.25
37717533 0.25
37718347 0.194631
37719046 -0.25
37727975 -0.25
37747333 -0.25
37778563 -5.20417e-17
37779639 -0.25
37780531 -0.25
37781401 -0.25
37788797 -0.25
37804136 -0.25
37811066 -0.25
37820579 -0.25
37824369 -0.25
37831843 -0.25
37834882 -0.25
37843514 -0.153846
37853854 -0.25
37856801 -0.25
37866898 -0.25
37875463 -0.25
37882749 -0.25
37888361 -0.25
37899789 -0.25
37908300 -0.25
37908860 -0.25
37911072 -0.25
37914012 -0.25
37918677 -0.25
37919974 -0.25
37925517 -0.25
37928793 -0.153846
37936791 -0.25
37941463 -0.25
38021435 -0.153846
38060128 -0.25
38066078 -0.25
38074304 -0.25
38076267 -0.25
38077053 -0.25
38085809 -0.25
38097720 -0.25
38106679 -0.25
38122598 -0.25
38125512 -0.25
38129385 -0.25
38132939 -5.20417e-17
38142772 -0.25
38177850 -0.25
38181668 -0.25
38185438 -0.25
38195475 -0.25
38197409 -0.25
38201349 -0.25
38205779 -0.25
38216325 -0.25
38236867 -0.25
38238001 -0.25
38240782 -0.0526316
38249041 -0.25
38250033 -0.153846
38271808 -0.0526316
38295714 -0.25
38313749 -0.25
38321968 -0.25
38326873 -0.25
38390079 -0.25
38399188 -0.25
38399995 -0.25
38401983 -0.25
38412490 -0.25
38424001 -0.25
38478993 -0.25
38501178 -0.25
38504182 -0.25
38505237 -0.25
38507957 -0.25
38513425 -0.25
38555656 -0.25
38575920 -0.25
38820121 -5.20417e-17
38845896 -5.20417e-17
38950581 -0.25
38974757 -0.25
39007503 -5.20417e-17
39121324 -5.20417e-17
39169990 -5.20417e-17
39181995 -5.20417e-17
39189120 -5.20417e-17
39267893 -0.25
39631062 -5.20417e-17
39776460 -5.20417e-17
39780514 -5.20417e-17
40504565 -0.0185185
40573526 -0.136364
40885491 -5.20417e-17
40962891 -0.153846
41801020 -0.25
41809577 -0.25
41838721 -0.25
42047915 -5.20417e-17
42048848 -5.20417e-17
42058020 -1.12757e-16
42222270 -5.20417e-17
42323346 -0.25
42335174 -5.20417e-17
42341694 -5.20417e-17
42365883 -0.195652
42390318 0.166667
42422212 0.166667
42459910 0.25
42477713 -0.153846
42569277 -0.25
42588941 -0.280992
42640211 0.5
42696047 0.5
42732864 -5.20417e-17
42750874 0.5
42775389 0.5
42797211 0.107143
42797745 -0.153846
42813236 -0.153846
42869168 -0.153846
42876589 0.25
42877499 0.25
42909420 -0.0526316
42927147 0.5
43128249 -0.153846
43132877 -0.153846
43135173 -0.153846
43139299 -0.153846
43190165 -0.264368
43453490 -0.153846
43600726 -5.20417e-17
43631120 -5.20417e-17
43641983 -5.20417e-17
43750579 -0.195652
43825613 -0.25
43868019 -0.25
43893649 -0.25
44143330 -0.136364
44387267 0.107143
44397815 0.107143
44407781 0.107143
44497748 -0.136364
44503877 -0.136364
44512353 -0.136364
44552143 -0.136364
44557758 -0.136364
44567848 -0.136364
44569687 -0.136364
44608799 -0.00515464
