38001 -0.136364
56446 0.107143
73864 -0.136364
91627 -0.136364
92589 0.107143
120139 0.107143
126027 0.107143
128542 -0.136364
133794 -0.136364
168652 0.107143
183200 0.107143
184805 0.107143
188440 -0.136364
219725 -5.20417e-17
233424 -0.136364
263477 0.107143
309966 0.107143
313613 -0.136364
334398 -0.153846
338515 0.5
350497 0.107143
392311 0.107143
393171 0.107143
394402 0.107143
395798 0.107143
397726 0.107143
401577 -0.25
402771 0.25
409976 -0.25
416318 -0.136364
427582 0.107143
429680 0.5
431691 0.107143
450104 -5.20417e-17
509000 -0.25
534501 -0.25
594215 -0.153846
601388 -0.25
623730 -0.136364
627842 -0.136364
628545 0.25
640339 0.5
648720 0.25
652974 0.25
662549 -5.20417e-17
670612 -0.25
684557 0.25
702619 0.25
707505 -0.136364
736668 -0.136364
755864 -0.153846
758810 -0.25
767129 -0.153846
772817 -0.136364
800517 -0.136364
804855 -0.25
839702 -0.25
842712 -0.136364
849581 4.16334e-17
855851 -0.136364
860378 -0.136364
881466 -0.153846
901717 -0.25
904352 -0.25
911567 -0.25
917694 -0.25
925196 -0.25
939553 -0.136364
974027 -0.25
975735 -5.20417e-17
977674 0.107143
989145 -0.25
994267 -0.25
1020443 -0.25
1030550 0.107143
1035212 -0.136364
1043570 -0.136364
1046300 -0.153846
1052631 -5.20417e-17
1072349 0.107143
1090115 0.107143
1135184 0.107143
1162800 0.107143
1164935 -0.153846
1169042 -0.153846
1170799 -0.153846
1196520 -0.136364
1198666 -0.136364
1212735 0.107143
1221035 0.107143
1241606 -0.136364
1243993 -0.153846
1249227 -0.0526316
1255379 -0.153846
1256303 -0.153846
1286877 -0.136364
1291971 -0.136364
1316725 -5.20417e-17
1326680 -0.136364
1337963 -0.153846
1342110 -0.153846
1409826 -5.20417e-17
1425590 -5.20417e-17
1438206 -0.153846
1444397 -5.20417e-17
1456067 -0.264368
1470999 -0.153846
1481930 -0.153846
1491666 -0.136364
1493931 -0.25
1496980 -0.136364
1515373 -0.153846
1529762 -0.136364
1532814 -0.25
1533968 -0.153846
1539176 -0.153846
1542801 -0.153846
1544684 -0.153846
1547121 -0.153846
1552339 -0.153846
1562760 -0.136364
1566268 -0.136364
1580467 -0.153846
1595372 -0.136364
1612516 -0.25
1615206 -0.25
1622154 -0.25
1629337 -0.2
1643301 -0.25
1650380 -0.25
1658941 -0.25
1672754 -0.25
1684906 -0.184211
1692174 -0.25
1693542 -0.25
1853399 -0.136364
1874810 -0.136364
1909441 -0.136364
1912650 -0.136364
1915601 -0.136364
2013931 0.25
2042679 -5.20417e-17
2057323 -5.20417e-17
2060972 0.166667
2077690 -0.153846
2104854 -0.136364
2110891 -0.136364
2131853 -0.25
2136560 -0.25
2153133 0.107143
2164253 0.107143
2167052 0.107143
2169526 0.107143
2171744 -0.153846
2175127 0.107143
2177440 -0.2
2187298 -0.153846
2201645 -5.20417e-17
2203023 0.107143
2215187 -5.20417e-17
2221638 -5.20417e-17
2251021 -0.153846
2255108 -5.20417e-17
2258981 0.107143
2266551 -5.20417e-17
2278087 -5.20417e-17
2307127 -5.20417e-17
2311478 -0.25
2324075 -5.20417e-17
2344614 -5.20417e-17
2351357 -0.25
2359872 -0.25
2366158 -0.25
2387709 -0.25
2394331 -0.25
2405177 -0.25
2406138 -0.25
2412481 -0.25
2431131 -0.25
2436986 -0.25
2469935 -0.184211
2478750 -0.25
2481174 -0.25
2492139 -0.25
2520851 -0.25
2523374 -0.25
2523881 -5.20417e-17
2525998 -0.25
2563187 -5.20417e-17
2598265 -5.20417e-17
2712804 -5.20417e-17
2762413 -5.20417e-17
3005721 -0.153846
3081409 -0.25
3106218 -0.25
3147656 -0.195652
3158014 -5.20417e-17
3159986 -0.25
3165395 -0.0185185
3175028 -0.0526316
3305806 -0.25
3306761 -0.25
3313057 -0.195652
3324595 -0.25
3357602 -0.153846
3422008 -0.25
3423434 -5.20417e-17
3431743 -0.153846
3433044 -0.153846
3444258 -0.25
3470403 -5.20417e-17
3476310 -0.25
3480084 -0.25
3481682 -5.20417e-17
3514274 -0.25
3519857 -5.20417e-17
3527939 -0.25
3547807 -5.20417e-17
3550524 -5.20417e-17
3553585 -5.20417e-17
3558566 -5.20417e-17
3559612 -5.20417e-17
3564455 -0.25
3632177 -5.20417e-17
3659474 -5.20417e-17
3688242 -5.20417e-17
3713128 -5.20417e-17
3728294 -5.20417e-17
3730102 -5.20417e-17
3742418 -5.20417e-17
3762926 -0.226415
3763434 -0.00515464
3781621 -0.153846
3782921 -5.20417e-17
3790737 -5.20417e-17
3791659 -5.20417e-17
3793707 -5.20417e-17
3831802 -0.25
3852549 -0.25
3853886 -0.153846
3861129 -0.153846
3866409 -0.153846
3870912 -0.153846
3878273 -0.25
3885274 -0.25
3886911 -0.25
3907351 -0.25
3931234 -0.153846
3932841 -0.25
3945360 -0.25
3946031 -0.25
3949935 -0.25
3951784 -0.25
3977809 -0.25
3988639 -0.153846
4002332 -0.153846
4009128 -5.20417e-17
4010808 -0.153846
4016826 -5.20417e-17
4046137 -0.153846
4068007 -5.20417e-17
4069652 -0.153846
4077638 -5.20417e-17
4090748 -5.20417e-17
4100480 -0.25
4110707 -0.25
4117541 -0.25
4118474 -0.25
4123566 -5.20417e-17
4131877 -0.25
4133661 -0.25
4140303 -0.25
4144979 -0.153846
4147559 -0.153846
4161326 -5.20417e-17
4182081 -0.153846
4185471 -0.153846
4194789 -0.153846
4197391 -0.153846
4198004 -0.153846
4198561 -0.153846
4204412 -0.153846
4276178 -0.153846
4281996 -0.153846
4282690 -0.153846
4358356 -5.20417e-17
4389238 -0.153846
4393400 -0.153846
4394940 -0.25
4424514 -0.153846
4445991 -0.264368
4447408 -0.153846
4454962 -0.264368
4514257 -0.153846
4576198 -0.153846
4602230 -0.153846
4634838 -0.105769
4645318 -0.25
4654751 -0.25
4655885 -0.25
4673673 -0.25
4675544 -0.25
4686409 -0.25
4688568 -0.25
4696505 -0.25
4720511 -0.25
4728306 -0.25
4729705 -0.25
4735903 -0.25
4736634 -0.25
4737309 -0.25
4737857 -0.25
4785275 -0.25
4786788 -0.25
4790688 -0.25
4814647 -0.25
4823666 -0.25
4825904 -0.195652
4827184 -0.25
4856342 -0.25
4873201 -0.25
4897088 -0.25
4956411 -0.25
4960263 -0.25
4965835 -0.25
4974018 -0.25
4982757 -0.25
4984420 -0.25
4991435 -0.25
4993508 -0.25
5008569 -0.25
5019305 -0.0526316
5030699 -0.25
5040727 -0.25
5046839 -0.25
5104701 -0.153846
5113146 0.107143
5115479 0.107143
5128116 -5.20417e-17
5152747 -5.20417e-17
5158908 -0.25
5167221 -5.20417e-17
5172530 -0.25
5184901 -5.20417e-17
5189720 -0.153846
5195560 -5.20417e-17
5200052 -5.20417e-17
5203864 -5.20417e-17
5212766 -0.25
5218409 -5.20417e-17
5227579 -5.20417e-17
5275680 -5.20417e-17
5311420 -5.20417e-17
5312233 -0.25
5417664 -5.20417e-17
5421911 -5.20417e-17
5424829 -5.20417e-17
5437083 -5.20417e-17
5439175 -5.20417e-17
5443769 -5.20417e-17
5450310 -5.20417e-17
5451326 -5.20417e-17
5457926 -5.20417e-17
5464540 -5.20417e-17
5470537 0.166667
5472808 -5.20417e-17
5511725 -5.20417e-17
5518473 -5.20417e-17
5521692 -5.20417e-17
5522714 -5.20417e-17
5529217 -5.20417e-17
5542433 0.166667
5546885 -5.20417e-17
5572374 -5.20417e-17
5575324 -5.20417e-17
5611378 -0.25
5614090 -0.25
5627638 -0.0909091
5630320 -0.0909091
5641328 -0.132075
5698425 -0.25
5714996 -0.25
5717412 -0.25
5757301 -0.25
5766579 -0.25
5775528 -0.25
5870429 -5.20417e-17
5892873 -5.20417e-17
5895058 0.0625
6019064 -5.20417e-17
6019739 -5.20417e-17
6106323 0.452055
6130976 0.5
6135158 0.5
6142192 0.5
6144803 0.5
6147431 0.5
6150017 0.5
6155305 0.5
6183917 -0.25
6185611 -5.20417e-17
6314219 0.5
6442646 0.25
6460927 0.25
6545105 0.25
6545755 0.25
6548650 0.25
6551353 0.047619
6555154 0.25
6561966 0.107143
6582968 -0.136364
6660199 -0.25
6693932 -0.25
6732211 -0.25
6738301 -0.25
6741624 -0.25
6742680 -0.25
6743713 -0.25
6744445 -0.25
6745429 -0.25
6746277 -0.25
6760868 -0.25
6769526 -0.25
6877470 -0.25
6989713 0.393939
6993122 0.25
7019688 0.25
7020223 0.25
7028153 0.25
7039277 0.25
7063747 0.25
7065613 0.4
7075185 0.411765
7075973 0.411765
7089189 -0.136364
7137861 -5.20417e-17
7160104 0.25
7165713 0.25
7172169 -0.136364
7176229 -0.136364
7177646 -0.136364
7188413 -0.132075
7207504 -0.136364
7227087 -0.136364
7240626 -0.136364
7246631 -0.136364
7256676 -0.2
7259161 0.411765
7300916 -0.136364
7302532 -0.25
7304160 -0.136364
7312200 -0.153846
7315304 -0.153846
7342347 -0.153846
7409636 -5.20417e-17
7413713 -0.25
7416540 -5.20417e-17
7425927 -5.20417e-17
7477302 -5.20417e-17
7478736 -5.20417e-17
7481263 -5.20417e-17
7486458 -0.25
7523819 -5.20417e-17
7546652 -0.25
7573736 -0.25
7587795 0.107143
7589870 0.107143
7596976 -0.25
7618004 -5.20417e-17
7671552 0.107143
7672433 0.107143
7717654 0.107143
7742573 -0.25
7824678 -0.25
7837756 -0.25
7882805 -0.25
7916048 -0.25
7943737 -5.20417e-17
7957821 -1.12757e-16
7966067 -5.20417e-17
8003502 -5.20417e-17
8547223 -0.25
8709515 -0.25
8718936 -0.153846
8743445 -0.153846
8879534 -5.20417e-17
8886334 -5.20417e-17
8887012 -5.20417e-17
8887764 -5.20417e-17
8889878 -5.20417e-17
8891826 -1.12757e-16
8893758 -5.20417e-17
8897988 -1.12757e-16
8915314 -5.20417e-17
8917499 0.166667
8922015 -5.20417e-17
8922549 -1.12757e-16
8923411 -5.20417e-17
8926352 -5.20417e-17
8928170 -5.20417e-17
8989670 -5.20417e-17
8995587 -1.12757e-16
9034473 -5.20417e-17
9036968 -5.20417e-17
9039674 -5.20417e-17
9050779 -5.20417e-17
9051417 -5.20417e-17
9062172 -5.20417e-17
9062676 -5.20417e-17
9077966 -0.2
9099832 0.107143
9104153 -0.153846
9115562 -0.153846
9237374 -0.153846
9246552 -0.153846
9255988 -0.153846
9258044 -0.153846
9261638 -0.153846
9296883 -0.153846
9301357 -0.153846
9317739 -0.153846
9318737 -0.153846
9338030 -0.153846
9339405 -0.153846
9340457 -0.153846
9353878 -0.153846
9356879 -0.153846
9362165 -0.153846
9421343 -0.153846
9434565 -0.153846
9435464 -0.153846
9444956 -0.153846
9489137 -0.153846
9498259 -0.153846
9510938 -0.153846
9595999 -0.136364
9608637 -0.153846
9646106 -0.25
9649763 -0.25
9674260 -0.25
9699675 -0.25
9714205 -0.25
9749952 -0.280992
9756806 -0.25
9758992 -0.25
9776509 -0.25
9782202 -0.25
9786879 -0.25
9788084 -0.25
9792353 -0.25
9803933 -0.25
9804542 -0.25
9822650 -0.25
9823253 -0.25
9823858 -0.226415
9839798 -0.25
9841632 -0.25
9849874 -0.25
9850390 -0.25
9852525 -0.25
9855582 -0.25
9863230 -0.280992
9863990 -0.25
9874578 -0.25
9881145 -0.25
9884737 -0.226415
9890873 -0.25
9899951 -0.25
9905387 -0.25
9941608 -0.25
9947074 -0.25
9969377 -0.25
9970156 -0.25
9986318 -0.25
9990544 -0.25
10015525 -0.25
10021715 -0.25
10148917 -0.25
10153478 -0.25
10154880 -0.25
10170989 -0.25
10172862 -0.25
10201982 -0.25
10209603 -0.25
10237420 -0.25
10270279 -0.25
10367222 -0.25
10367765 -0.25
10368916 -0.25
10369527 -0.25
10415532 -0.25
10422148 -0.25
10426600 -0.25
10428456 -0.25
10430598 -0.25
10432503 -0.25
10436324 -0.25
10437190 -0.25
10438346 -0.25
10440157 -0.25
10441885 -0.25
10443403 -0.25
10444988 -0.25
10449839 -0.25
10470463 -0.25
10475268 -0.25
10476657 -0.25
10477472 -0.25
10489571 -0.25
10491648 -0.25
10492256 -0.25
10496865 -0.25
10500385 -0.25
10500933 -0.25
10504967 -0.25
10549871 -0.25
10615948 -0.25
10633131 -0.25
10635129 -0.25
10636434 -0.25
10639791 -0.25
10642709 -0.280992
10646376 -0.25
10677306 -0.25
10681162 -0.25
10682020 -0.25
10686709 -0.25
10687307 -0.25
10687856 -0.25
10688875 -0.25
10691263 -0.25
10691864 -0.25
10705121 -0.25
10708897 -0.25
10717715 -0.280992
10726073 -0.280992
10736346 -0.25
10752690 -0.25
10799289 -0.25
10871522 0
11090741 -0.25
11107941 -0.25
11125552 -0.25
11133845 -0.25
11144859 -0.25
11149332 -0.25
11177165 -0.25
11195788 -0.25
11255117 -0.0526316
11497691 -0.25
11502738 -0.25
11535275 -0.25
11556569 -0.25
11789660 -0.25
11942588 -0.280992
12017581 -0.25
12079082 -0.25
12110319 -0.25
12187485 -0.25
12190291 -0.25
12211905 -0.25
12275432 -0.25
12287094 -0.25
12359385 -0.25
12361109 -0.25
12397346 -0.25
12399961 -0.25
12404718 -0.25
12433642 -0.0526316
12437134 -0.25
12472815 -0.25
12474610 -0.25
12478732 -0.25
12497821 -0.25
12499381 -0.25
12499887 -0.25
12500664 -0.25
12502007 -0.25
12504541 -0.25
12507538 -0.25
12511365 -0.25
12511979 -0.25
12514792 -0.25
12515770 -0.25
12526816 -0.25
12530446 -0.25
12537822 -0.25
12538304 -0.25
12543953 -0.25
12545706 -0.25
12547900 -0.25
12614036 -0.254603
12618331 -0.25
12636720 -0.25
12652653 -0.25
12654401 -0.226415
12658057 -0.25
12658559 -0.25
12677798 -0.25
12720347 -0.25
12918259 -0.25
12918787 -0.25
12919335 -0.25
12922929 -0.280992
12924430 -0.25
12931447 -0.25
12945265 -0.25
12948873 -0.25
12972049 -0.25
13008001 -0.25
13063352 -0.0526316
13068947 -0.25
13092389 -0.25
13093976 -0.25
13095615 -0.25
13134423 -0.25
13139864 -0.226415
13154645 -0.25
13187218 -0.195652
13213128 -0.25
13234472 -0.25
13277133 -0.25
13297944 -0.25
13304518 -0.25
13312001 -0.25
13319757 -0.25
13321438 -0.25
13330903 -0.25
13332047 -0.25
13351306 -0.25
13357822 -0.25
13358759 -0.25
13365087 -0.25
13366393 -0.25
13384543 -0.25
13388037 -0.25
13393116 -0.25
13394159 -0.25
13402326 -0.25
13403165 -0.25
13403975 -0.25
13405039 -0.25
13410526 -0.25
13414992 -0.25
13415652 -0.25
13421065 0.0131472
13457237 0.107143
13487225 -0.25
13498860 -0.25
13534905 -0.25
13550999 -0.25
13563523 -0.25
13565730 -0.25
13567809 -0.25
13570677 -0.25
13587812 -0.25
13590759 -0.25
14330286 -5.20417e-17
14423899 -0.156417
14847459 -5.20417e-17
15359459 -0.136364
15379395 -0.136364
15431418 -0.136364
15453971 -0.136364
15506663 -0.136364
15579394 -0.136364
15617946 -0.136364
15646669 -0.136364
15779318 -0.195652
15891574 -0.136364
15912330 -0.226415
15937424 -0.136364
16034919 -0.195652
16079050 -0.136364
16115896 -0.136364
16134834 -0.136364
16238912 -0.136364
16260823 -0.136364
16294318 -0.136364
16314101 -0.136364
16357712 -0.136364
16526420 -0.136364
16657427 -0.136364
16779592 -0.136364
16800324 -0.136364
16831497 -0.136364
16873486 -0.136364
16981394 -0.136364
17046898 -0.136364
17074422 -0.136364
17099998 -0.136364
17126145 -0.136364
17168252 -0.136364
17269626 -0.136364
17442487 -0.25
17499955 -0.136364
17561477 -0.136364
17590728 -0.136364
17670663 -0.136364
17698097 -0.136364
17807943 -0.136364
17967255 -0.195652
17967681 -0.136364
17992753 -0.136364
18034823 -0.136364
18063597 -0.136364
18155592 -0.136364
18193631 -0.136364
18268311 -0.136364
18356308 -0.136364
18402293 -0.136364
18422980 -0.136364
18453182 -0.136364
18696303 -0.136364
18795962 -0.136364
18824377 -0.136364
18849056 -0.136364
18871204 -0.136364
18923795 -0.136364
18957329 -0.136364
18998567 -0.136364
19059523 -0.136364
19093477 -0.136364
19200625 -0.136364
19289360 -0.136364
19367299 -0.136364
19402199 -0.25
19438518 -0.226415
19474308 -0.136364
19548364 -0.136364
19570131 -0.136364
19589109 -0.136364
19651712 -0.136364
21700497 -0.25
22010302 -0.136364
22645728 -0.25
22687469 -0.25
23008189 -0.25
23057134 -0.25
23160034 -0.25
23233125 -0.280992
23271757 -0.25
23293973 -0.226415
23364345 -0.25
23503557 -0.25
23597194 -0.25
23731846 -0.25
24367698 -5.20417e-17
27989587 0.107143
30072552 -0.25
30261953 0.25
31326567 0.107143
32105943 -0.136364
32173175 -0.25
32290119 0.25
32327489 -0.25
32401375 -0.25
32431527 -0.25
32529543 -0.25
34212172 -0.136364
34267744 -0.136364
34344985 -0.136364
34442059 -0.136364
34489985 -0.136364
34527226 -0.136364
34555645 -0.226415
34649939 -0.136364
34697987 -0.136364
34746851 -0.195652
34822273 -0.226415
34850582 -0.136364
34880663 -0.195652
34923862 -0.136364
34945350 -5.20417e-17
35015244 -0.136364
35361745 -5.20417e-17
35427742 -0.136364
35546575 -0.226415
35578064 -0.136364
35662926 -0.136364
35689635 -0.136364
35793578 -0.136364
35812326 -0.136364
35834253 -0.136364
35913457 -0.136364
35958812 -0.136364
35989751 -0.136364
36022086 -0.136364
36236811 -0.136364
36323292 -0.136364
36446208 -0.136364
36485408 -0.136364
36609811 -0.136364
36641662 -0.136364
36695550 -0.136364
36747471 -0.136364
36857904 -0.136364
36878172 -0.136364
37013447 -0.136364
37062702 -0.136364
37096607 -0.136364
37118388 -0.136364
37180790 -0.136364
37236716 -0.136364
37262557 -0.136364
37301951 -0.136364
37397540 -0.136364
37457912 -0.136364
37519381 -0.136364
37581363 -0.136364
37601070 -0.136364
37793858 -0.136364
37846136 -0.136364
37876839 -0.136364
37956056 -0.136364
38002496 -0.136364
38083293 -0.136364
38139449 -0.136364
38287000 -0.136364
38358114 -0.136364
38422335 -0.195652
38558591 -0.136364
38580808 -0.136364
38604041 -0.136364
38633203 -0.136364
38690016 -0.136364
38777532 -0.136364
38828825 -0.136364
38927876 -0.136364
38953790 -0.136364
38991970 -0.136364
39032787 -0.136364
39069059 -0.136364
39097249 -0.136364
39119904 -0.136364
39139133 -0.136364
39182080 -0.136364
39213618 -0.136364
39317200 -0.136364
39375355 -0.136364
39468066 -0.136364
39661112 -0.136364
39710500 -0.136364
39753137 -0.136364
39845527 -0.136364
39928290 -0.136364
39959099 -0.136364
40042350 -0.136364
40114946 -0.136364
40206217 -0.136364
40258704 -0.136364
40280845 -0.136364
40317306 -0.136364
40429408 -0.136364
40459238 -0.136364
40490233 -0.136364
40524189 -0.226415
40571768 -5.20417e-17
40721874 -5.20417e-17
40747131 -5.20417e-17
40776966 -5.20417e-17
40819104 -5.20417e-17
40916184 -5.20417e-17
40959944 -5.20417e-17
41006831 -5.20417e-17
41142266 -5.20417e-17
41162037 -5.20417e-17
41331537 -5.20417e-17
41355841 -5.20417e-17
41419287 -5.20417e-17
41505746 -5.20417e-17
41700843 -5.20417e-17
41798652 -1.12757e-16
41881111 -0.25
41917321 -0.153846
41972229 -0.264368
42110109 -0.153846
42221455 -0.25
42248603 -0.153846
42283112 -0.25
42302144 -0.25
42323834 -0.25
42355214 -0.25
42409093 -0.25
42482914 -5.20417e-17
42518654 -0.153846
42540527 -0.153846
42618496 -0.153846
42687702 -0.153846
42807667 -0.25
42852505 -5.20417e-17
42874364 -5.20417e-17
42997941 -5.20417e-17
43011789 -5.20417e-17
43012296 -5.20417e-17
43013299 -0.25
43014908 -5.20417e-17
43036978 -5.20417e-17
43038105 -5.20417e-17
43038693 -5.20417e-17
43039317 -5.20417e-17
43039792 -5.20417e-17
43048696 -5.20417e-17
43064494 -5.20417e-17
43068327 -5.20417e-17
43079920 -5.20417e-17
43081686 -5.20417e-17
43082649 -5.20417e-17
43083528 -0.153846
43085781 -5.20417e-17
43106425 -5.20417e-17
43108326 -5.20417e-17
43109172 -5.20417e-17
43109856 -5.20417e-17
43111470 -5.20417e-17
43120369 -5.20417e-17
43140142 -5.20417e-17
43142357 -5.20417e-17
43143294 -5.20417e-17
43148194 -5.20417e-17
43317515 -0.136364
43412535 -0.153846
43451170 -0.153846
43456361 -0.153846
43456933 -0.153846
43457807 -0.153846
43548260 -0.153846
43557868 -0.153846
43561539 -0.153846
43572822 -0.153846
43573428 -0.153846
43575830 -0.153846
43583600 -0.153846
43597753 -0.153846
43604766 -0.153846
43606363 -0.153846
43657351 -0.153846
43674922 0.0625
43737419 -5.20417e-17
43746289 -5.20417e-17
43762665 -5.20417e-17
43763886 -5.20417e-17
43782337 -5.20417e-17
43813726 -5.20417e-17
43875837 -5.20417e-17
43972963 -5.20417e-17
43993328 -5.20417e-17
44003477 -5.20417e-17
44018313 -5.20417e-17
44019206 -5.20417e-17
44022385 -5.20417e-17
44024436 -5.20417e-17
44025804 -5.20417e-17
44032350 -5.20417e-17
44043954 -5.20417e-17
44044880 -5.20417e-17
44045795 -5.20417e-17
44046579 -5.20417e-17
44055696 -5.20417e-17
44071674 -5.20417e-17
44121181 -5.20417e-17
44137152 -5.20417e-17
45179507 0.107143
45181706 0.107143
45198143 -5.20417e-17
45365110 -0.153846
45384724 -0.153846
45385315 -0.153846
45385939 -0.153846
45432692 -0.153846
45484095 -5.20417e-17
45487632 0.107143
45490297 -0.0526316
45496269 -0.153846
45508423 -0.153846
45526449 -0.153846
45527096 -0.153846
45538601 -5.20417e-17
45567917 0.107143
45574636 0.107143
45581057 0.107143
45611653 0.107143
45613956 0.107143
45667736 0.107143
45673908 -5.20417e-17
45681453 0.107143
45710511 -0.153846
45711914 -0.25
45714073 -0.153846
45715533 0.25
45717189 -0.25
45720724 0.107143
45801155 0.107143
45803771 0.274194
45836457 -0.153846
45839653 0.107143
45840466 -0.153846
45845534 0.107143
45879096 -0.25
45892866 -0.25
45903743 0.107143
45923165 0.25
45971865 -0.25
45985155 -0.25
45991145 -0.25
45991890 -0.195652
46010999 -0.25
46046466 -0.25
46049691 -0.195652
46055452 -0.25
46073736 -0.25
46134214 -0.25
46137503 -0.25
46168096 -0.25
46171616 -0.25
46174736 -0.2
46187759 -0.25
46188743 -0.25
46189672 -0.25
46192531 -0.25
46197333 -0.25
46215024 -0.25
46222100 -0.25
46224993 -0.25
46239556 -0.25
46266427 -5.20417e-17
46271167 -0.25
46292138 -0.136364
46297063 -0.25
46301015 -0.136364
46303938 -0.136364
46306480 -5.20417e-17
46308663 -0.136364
46309815 -5.20417e-17
46311542 -5.20417e-17
46330435 -0.136364
46337876 -0.25
46341362 -0.25
46343842 -0.136364
46346002 -0.25
46348083 -0.136364
46348597 -0.136364
46353905 -0.136364
46361035 -0.264368
46362080 -0.136364
46364991 -0.136364
46375456 -0.25
46387888 -5.20417e-17
46392432 -0.25
46400093 -0.136364
46403532 -5.20417e-17
46413845 -5.20417e-17
46414322 -0.25
46419566 -5.20417e-17
46427013 -5.20417e-17
46427618 -5.20417e-17
46469727 -0.25
46486812 -0.280992
46548120 -5.20417e-17
46550370 -0.153846
46553728 -5.20417e-17
46567312 -0.153846
46588335 -0.153846
46594266 -5.20417e-17
46595576 -0.153846
46607098 -0.153846
46675129 -0.25
46680987 -0.25
46711712 -0.25
46723209 -0.153846
46736705 -0.153846
46738490 -0.153846
46741755 -0.153846
46768894 -0.153846
46782785 0.107143
46789605 0.107143
46796309 -5.20417e-17
46821856 0.107143
46843479 -0.136364
46848814 -5.20417e-17
46864822 -0.25
46867491 -0.25
46870133 -0.153846
46879169 -0.136364
46886467 0.107143
46889777 -0.136364
46894714 0.107143
46907158 4.16334e-17
46930829 -0.136364
46947926 -5.20417e-17
46956963 -0.136364
46963924 -0.136364
47030393 -0.136364
47065318 -0.136364
47095189 -0.153846
47096943 -0.25
47119293 -0.136364
47120752 -0.25
47124029 4.16334e-17
47180794 0.107143
47186099 0.107143
47187301 0.274194
47188038 0.107143
47188519 0.107143
47195283 0.107143
47205840 -0.136364
47215997 -0.25
47308561 -0.136364
47312346 -5.20417e-17
47318992 -5.20417e-17
47343562 -0.136364
47373398 -0.25
47396026 -0.25
47398552 -5.20417e-17
47403293 -0.25
47407200 -0.136364
47409709 -0.136364
47437728 -0.136364
47447267 -0.136364
47463954 -0.136364
47465101 -0.136364
47467754 -0.136364
47511152 -0.136364
47512430 -0.136364
47529979 -0.136364
47535323 -0.136364
47538042 0.25
47539423 0.25
47541804 -0.136364
47568465 0.150295
47579388 -0.136364
47584035 -0.136364
47584943 -0.136364
47630622 -0.136364
47663192 -0.136364
47664944 -0.136364
47671015 -0.136364
47677286 -0.136364
47677913 -0.136364
47736746 -0.136364
47738714 -0.136364
47744626 -0.136364
47777375 -0.136364
47783584 -5.20417e-17
47786334 0.107143
47789691 -0.136364
47796608 -5.20417e-17
47828866 -5.20417e-17
47832017 0.107143
47836145 -0.226415
47851291 -0.153846
47853639 -0.25
47854709 -0.136364
47864522 -0.153846
47973632 -0.153846
47974934 -0.136364
47976240 -0.25
47982772 0.107143
47988004 0.107143
48016393 -0.136364
48032556 -0.136364
48068030 -0.0526316
48089122 -0.136364
48091406 -5.20417e-17
48094518 -5.20417e-17
48132742 -0.136364
48191401 4.16334e-17
48204970 -0.25
48209561 -0.25
48244484 -0.136364
48255714 -0.25
48265926 -0.153846
48267282 -0.264368
48281368 -0.2
48281947 -0.2
48301669 -0.2
48303337 -0.2
48345612 -5.20417e-17
48347260 -5.20417e-17
48372049 -5.20417e-17
48388297 -5.20417e-17
48400565 -5.20417e-17
48411573 -5.20417e-17
48440591 -5.20417e-17
48456159 -5.20417e-17
48471439 -0.2
48477218 -0.2
48483077 -0.2
48484375 -0.0185185
48493060 -0.2
48493871 -5.20417e-17
48504160 -5.20417e-17
48507740 -0.153846
48540212 -5.20417e-17
48541172 -5.20417e-17
48564321 -5.20417e-17
48565125 -5.20417e-17
48566026 -0.153846
48570017 -0.153846
48591908 -5.20417e-17
48597275 -5.20417e-17
48604380 -0.25
48662141 -5.20417e-17
48702448 -5.20417e-17
48749020 -5.20417e-17
48759461 -5.20417e-17
48761814 -5.20417e-17
48765638 -5.20417e-17
48768389 -5.20417e-17
48803845 -5.20417e-17
48828505 -5.20417e-17
48866465 -5.20417e-17
48885331 -5.20417e-17
48893637 -5.20417e-17
48932740 -5.20417e-17
48976270 -5.20417e-17
48997963 -5.20417e-17
49022524 -5.20417e-17
