106196 -0.136364
315069 -0.0185185
341185 -0.25
343841 -0.153846
370885 -0.153846
378194 0.107143
383566 0.107143
402403 -0.153846
404503 -0.153846
415069 -0.264368
423354 -0.153846
441060 -0.136364
451494 -0.25
459648 -0.25
460856 -0.25
475143 -0.25
476235 -0.25
487912 -0.25
490393 -0.25
588676 -0.25
613726 -0.25
647322 -0.25
667441 -0.0526316
683784 -0.25
691676 -0.136364
722588 -0.264368
723777 -0.153846
727562 -0.153846
728844 -0.153846
769799 -0.25
775273 -0.25
788088 -0.25
790948 -5.20417e-17
801920 -0.25
814085 -0.25
822184 -0.25
825205 -0.153846
835854 -0.25
852461 -0.25
863155 -0.136364
866631 -5.20417e-17
870475 -0.136364
875631 -0.136364
878564 -0.153846
888248 0.107143
892528 0.107143
904945 0.107143
905826 0.107143
911609 -0.136364
913310 0.107143
944364 -0.226415
950721 -0.136364
952729 -0.136364
966349 -0.226415
969674 -0.136364
971000 -0.136364
1000216 -0.136364
1029006 -5.20417e-17
1071737 -5.20417e-17
1103803 -0.195652
1116464 -0.25
1124625 -0.264368
1126171 -0.264368
1128733 -0.25
1166930 -0.25
1172072 -0.25
1177685 -0.25
1203453 -0.25
1210166 -0.25
1258788 -0.25
1261468 -0.25
1265980 -0.25
1334941 -5.20417e-17
1412357 -5.20417e-17
1464929 -0.136364
1471372 0.411765
1473666 0.047619
1477581 -0.136364
1534315 -0.25
1537829 -0.25
1680516 -0.25
1681254 -0.25
1683511 -0.25
1685561 -0.264368
1693019 -0.264368
1700795 -0.25
1701639 -0.25
1738859 -0.25
1745074 -0.25
1748228 -0.25
1769730 -0.25
1771602 -0.25
1772544 -0.25
1783275 -0.25
1818440 -5.20417e-17
1831205 -5.20417e-17
1840799 -5.20417e-17
1848539 -0.195652
1881436 -5.20417e-17
1883434 -0.0185185
1895131 -0.0185185
1904113 -0.0185185
1912585 -0.0526316
1919628 -0.20675
1943831 -0.184211
1944730 -0.184211
1946991 -0.195652
1951644 -0.184211
1978942 -0.195652
1987936 -0.226415
2003581 -0.184211
2022753 -0.184211
2037617 0.047619
2045919 0.25
2047512 0.25
2054452 -5.20417e-17
2074938 -5.20417e-17
2084992 -0.195652
2089332 -0.195652
2094995 0.452055
2096402 -5.20417e-17
2135865 -0.184211
2141090 -5.20417e-17
2156704 -0.25
2174129 -0.226415
2180637 -0.25
2190828 -0.25
2234325 -0.25
2241835 -0.25
2243513 -0.25
2244974 -0.25
2262411 -0.25
2315719 -0.25
2342864 -5.20417e-17
2345275 -0.136364
2357890 -0.25
2401511 -0.136364
2577978 -0.136364
2607254 -0.136364
2618864 -0.136364
2622206 -0.136364
2643246 -0.136364
2643987 -0.136364
2649116 -0.136364
2662617 -0.136364
2666213 -0.136364
2669838 -0.136364
2675161 -0.136364
2688246 -5.20417e-17
2708833 -5.20417e-17
2727793 -5.20417e-17
2740124 -5.20417e-17
2743897 -5.20417e-17
2747610 -5.20417e-17
2753257 -5.20417e-17
2763326 0.107143
2777451 0.107143
2820394 -0.136364
2821636 -0.136364
2823483 -0.136364
2824832 -0.136364
2840246 -0.136364
2841018 -0.136364
2866494 0.107143
2874426 0.107143
2891928 0.107143
2967367 0.107143
2973041 0.107143
2980883 0.107143
3016870 0.107143
3041598 -5.20417e-17
3064286 -5.20417e-17
3073746 -5.20417e-17
3081917 -5.20417e-17
3090124 -0.136364
3104905 -0.136364
3142293 0.107143
3143198 -5.20417e-17
3147390 -0.136364
3150205 -0.136364
3153838 -0.136364
3173391 -0.136364
3192568 -0.136364
3213858 -0.136364
3215569 -1.12757e-16
3234383 -1.12757e-16
3237000 -1.12757e-16
3238568 -0.153846
3241534 -0.184211
3248778 0.0625
3271593 0.166667
3274335 -5.20417e-17
3276063 -5.20417e-17
3311532 -5.20417e-17
3313044 -5.20417e-17
3322792 -5.20417e-17
3331792 -5.20417e-17
3333690 -5.20417e-17
3337280 -0.25
3386210 -5.20417e-17
3404500 -5.20417e-17
3425707 -5.20417e-17
3435794 -5.20417e-17
3495917 -5.20417e-17
3501478 -0.25
3502638 -0.25
3503531 -0.25
3516160 -5.20417e-17
3536830 -0.25
3574715 -0.25
3591753 -0.25
3608713 -0.25
3612769 -0.25
3630129 -5.20417e-17
3673031 -0.25
3698892 -0.153846
3700452 -0.00515464
3713608 -0.25
3730862 -0.153846
3732795 -0.153846
3733550 -0.136364
3745620 -0.25
3751124 -0.136364
3758897 -0.25
3760615 -5.20417e-17
3766363 -0.25
3786205 -0.25
3849618 -0.184211
3898022 -5.20417e-17
3919354 -5.20417e-17
3928746 -5.20417e-17
3931954 -5.20417e-17
4137128 0.047619
4190219 -0.25
4195294 -1.12757e-16
4203661 -5.20417e-17
4210991 -5.20417e-17
4278527 -1.12757e-16
4407394 -5.20417e-17
4429830 -5.20417e-17
4446465 -0.0185185
4470831 -0.153846
4477754 -0.0185185
4493129 -0.0185185
4495533 -0.0526316
4509250 -5.20417e-17
4517003 -0.136364
4557811 -0.136364
4559273 -0.153846
4560364 -0.136364
4577774 -0.153846
4578604 -0.153846
4584495 -1.12757e-16
4625600 -0.2
4628403 -0.2
4631590 -0.2
4636524 -0.2
4655031 0.107143
4655784 -0.25
4656741 0.107143
4677984 -0.25
4680450 -0.25
4691751 -0.25
4693630 -0.153846
4695047 -0.153846
4696895 -0.25
4706268 -0.25
4711533 -0.25
4743286 -5.20417e-17
4842514 -5.20417e-17
4851655 -0.0526316
4854256 0.107143
4856517 -0.226415
4872877 -0.226415
4874816 0.107143
4876063 -0.136364
4883338 -0.136364
4923325 -5.20417e-17
4934489 -0.136364
4962670 -5.20417e-17
4999210 0.107143
5009070 -0.136364
5017244 -0.136364
5027158 -0.136364
5029110 -0.184211
5031296 -0.184211
5034794 -0.25
5040021 -0.153846
5051237 -0.136364
5065362 -0.136364
5087412 -0.136364
5106170 -0.136364
5112706 -0.136364
5113636 -5.20417e-17
5134451 -0.136364
5145383 -0.136364
5146199 -0.136364
5151486 -0.136364
5154355 -0.136364
5159304 0.2
5171096 -0.136364
5315271 -0.136364
5334158 -0.25
5365050 -0.136364
5372912 -0.25
5380457 0.047619
5388260 -5.20417e-17
5394422 -0.136364
5431471 -0.136364
5465112 -0.25
5511221 -0.264368
5530955 -0.264368
5535397 -5.20417e-17
5606447 -5.20417e-17
5627168 -0.25
5690163 -5.20417e-17
5707698 -5.20417e-17
5713287 -5.20417e-17
5793734 -5.20417e-17
5812459 -5.20417e-17
5818899 -5.20417e-17
5835047 -5.20417e-17
5842041 -5.20417e-17
5885185 0.387755
5909553 -0.00515464
5920217 0.107143
5954451 0.107143
6020977 0.25
6025300 0.25
6027763 0.25
6047166 0.25
6076280 0.194631
6079042 0.25
6085112 0.25
6108402 0.047619
6196989 0.25
6201175 0.25
6316481 0.25
6335948 0.25
6401569 0.25
6417223 0.25
6419016 0.25
6420781 0.25
6431676 0.25
6462911 0.25
6484495 0.25
6517142 0.25
6532643 0.25
6553398 0.194631
6559079 0.5
6621390 0.5
6634164 -5.20417e-17
6638736 -5.20417e-17
6640569 -0.153846
6647491 -5.20417e-17
6653597 -5.20417e-17
6654401 -5.20417e-17
6656319 -5.20417e-17
6663328 -5.20417e-17
6669285 -5.20417e-17
6683010 -5.20417e-17
6689440 0.5
6690204 -5.20417e-17
6691261 -5.20417e-17
6695607 0.5
6716857 0.333333
6731436 -5.20417e-17
6732432 0.5
6746071 -5.20417e-17
6752947 0.5
6754325 0.452055
6755810 -5.20417e-17
6757644 -5.20417e-17
6767413 -5.20417e-17
6773888 -5.20417e-17
6775030 -5.20417e-17
6885472 0.25
6928198 -5.20417e-17
6929310 -5.20417e-17
6932057 -5.20417e-17
6933518 -5.20417e-17
6935889 -5.20417e-17
7033037 -5.20417e-17
7183974 -5.20417e-17
7337548 -5.20417e-17
7435829 -5.20417e-17
7558621 -0.25
7734385 -0.25
7891647 -0.136364
7918119 -0.136364
7951864 -0.136364
8008371 -0.25
8034176 -0.25
8069328 -0.25
8096157 -0.25
8172547 -0.136364
8203275 -0.136364
8369703 -0.136364
8503841 -0.136364
8607040 -0.136364
8735596 -0.136364
8784416 -0.226415
8821903 -0.136364
8899758 -0.195652
8934741 -0.254603
9046017 -0.136364
9222021 -0.136364
9352783 -0.136364
9451913 -0.136364
9603923 -0.136364
9670835 -0.136364
9898982 -0.136364
9922739 -0.136364
9955400 -0.136364
10041586 -0.136364
10116498 -0.136364
10149769 -0.136364
10331405 -0.136364
10404595 -0.136364
10503979 -0.136364
10861611 -0.136364
10918619 -0.136364
10981551 -0.136364
11123116 -0.136364
11217463 -0.136364
11272337 -0.136364
11305079 -0.136364
11374055 -0.136364
11590938 -0.136364
11623618 -0.136364
11710290 -0.136364
11775061 -0.136364
11815924 -0.136364
11932943 -0.136364
11970660 -0.136364
12021944 -0.136364
12054907 -0.136364
12119920 -0.136364
12166622 -0.136364
12201927 -0.136364
12427828 -0.136364
12578755 -0.136364
12625108 -0.136364
12676979 -0.136364
12761397 -0.136364
12809350 -0.136364
12928511 -0.136364
12962732 -0.136364
13012433 -0.136364
13067303 -0.136364
13280655 -0.136364
13326202 -0.136364
13392530 -0.136364
13417786 -0.136364
13499606 -0.136364
14179268 -0.136364
14230983 -0.136364
14275765 -0.136364
14326714 -0.136364
14418225 -0.136364
14478131 4.16334e-17
14519823 -0.136364
14572674 -0.136364
14619553 -0.184211
14661190 -0.184211
14692163 -0.136364
14729903 -0.136364
14809925 -0.136364
15053303 -0.136364
15078638 -0.136364
15118683 -0.136364
15217231 -0.136364
15245276 -0.136364
15385251 -0.136364
15433524 -0.136364
15572892 -0.136364
15646865 -0.136364
15707701 -0.136364
15735197 -0.136364
15881008 -0.136364
15953464 -0.136364
16106090 -0.136364
16217545 -0.136364
16244770 -0.136364
16296205 -0.136364
16337217 -0.136364
16433504 -0.136364
16484760 -0.136364
16527796 -0.136364
16564178 -0.136364
16628611 -0.136364
16844068 -0.136364
16909210 -0.136364
17013666 -0.136364
17082419 -0.136364
17204052 -0.195652
17243665 -0.136364
17277078 -0.136364
17372546 -0.136364
17494470 -0.136364
17630823 -0.136364
17708693 -0.0989011
17738477 -0.136364
17840614 -0.136364
17875909 -0.136364
17903130 -0.136364
17937523 -0.136364
17999157 -0.136364
18050094 -0.136364
18100951 -0.136364
18167890 -0.136364
18209396 -0.136364
18244768 -0.136364
18356258 -0.136364
18469182 -0.136364
18547949 -0.136364
18652739 -0.136364
18678585 -0.136364
18749501 -0.136364
18833586 -0.136364
18860606 -0.136364
18902915 -0.136364
18957692 -0.136364
18988655 -0.136364
19020076 -0.136364
19106673 -0.136364
19180858 -0.136364
19235884 -0.136364
19287726 -0.136364
19320910 -0.136364
19348510 -0.136364
19409253 -0.136364
19460592 -0.136364
19498496 -0.136364
19533603 -0.136364
19579888 -0.136364
19633498 -0.136364
19699193 -0.136364
19866006 -0.25
19889976 -0.25
20123223 -0.25
20146065 -0.25
20182637 -0.25
20208846 -0.0526316
20289754 -0.136364
20477995 -0.136364
20513648 -0.136364
20552961 -0.136364
20593443 -0.136364
20648825 -0.136364
20653158 -0.136364
20752196 -0.136364
20787476 -0.136364
20825615 -0.136364
21052844 -0.136364
21080454 -0.136364
21115865 -0.136364
21194054 -0.136364
21237799 -0.136364
21272644 -0.136364
21308933 -0.136364
21356956 -0.136364
21389776 -0.136364
21444127 -0.136364
21494387 -0.136364
21552656 -0.136364
21579839 -0.136364
21603540 -0.136364
21689893 -0.136364
21718026 -0.136364
21780623 -0.136364
21865148 -0.136364
22054158 -0.136364
22153322 -0.136364
22251688 -0.136364
22276583 -0.136364
22316245 -0.136364
22720149 -0.25
23055914 -0.25
23313056 -0.25
24267981 -0.25
24733502 -5.20417e-17
24769252 -0.25
24847995 -0.25
24925639 -0.25
25162609 -0.25
25766065 -5.20417e-17
26688080 -0.25
27622259 -0.25
27657975 -0.25
27893884 -0.25
28154820 -0.25
28347158 -0.25
28452740 -0.25
28590229 -0.136364
28637128 -0.136364
28661902 -0.136364
28739753 -0.136364
28785476 -0.25
28951342 -0.25
29020932 -0.25
29180723 -0.25
29294436 0.107143
29336980 -0.25
29429234 -0.25
29513444 -0.25
29543458 -0.25
29576509 0.107143
29602132 -0.25
29681168 -0.25
29825666 -0.25
29854162 -0.25
29894710 -0.25
29937710 -0.25
29975535 -0.25
30076227 -0.25
30134957 0.107143
30191235 -0.25
30262482 -0.25
30325232 -0.25
30355223 -0.25
30393285 -0.25
30503842 -0.25
30589522 -0.25
30725658 -0.25
30812079 -0.25
30849793 -0.25
30891301 -0.25
31201986 -0.136364
31230369 -0.226415
31255047 -0.25
31316775 -0.25
31459532 -0.136364
31828736 -0.136364
31857234 -0.25
32027020 -0.25
32113883 -0.136364
32275116 -0.226415
32340895 -0.136364
32388671 -0.136364
32425584 -0.25
32452363 -0.136364
32620539 -5.20417e-17
32661289 -5.20417e-17
32695242 0.107143
33514884 0.25
33567030 0.107143
33613031 -0.136364
33673597 -0.136364
33808602 -5.20417e-17
33843724 -0.136364
33965286 -0.136364
34002263 -0.0185185
34047247 -5.20417e-17
34078552 -0.136364
34103263 0.107143
34241940 0.107143
34285650 -5.20417e-17
34352339 -5.20417e-17
34405716 -5.20417e-17
34442645 -5.20417e-17
34536186 -5.20417e-17
34705645 0.25
34755490 -5.20417e-17
35984919 -1.12757e-16
36788061 -5.20417e-17
36814074 -5.20417e-17
36916485 -0.136364
36942176 -5.20417e-17
36992592 -0.197917
37017322 -5.20417e-17
37128524 -5.20417e-17
37210160 -5.20417e-17
37279488 -5.20417e-17
37317770 -5.20417e-17
37364575 -5.20417e-17
37391443 -5.20417e-17
37440865 -5.20417e-17
37500245 -5.20417e-17
37544058 -5.20417e-17
37582663 -5.20417e-17
37673094 0.25
37706393 0.107143
37785370 0.25
37844845 0.25
38018579 -0.136364
38062491 -5.20417e-17
38099031 -5.20417e-17
38162992 -0.136364
38206029 -0.136364
38295020 -0.136364
38340244 -0.136364
38430124 -0.226415
38456154 -5.20417e-17
38498609 -0.136364
38523430 -0.136364
38574369 -5.20417e-17
38621293 -0.136364
38790472 -5.20417e-17
38830396 -0.25
38848463 -0.25
38864545 -0.25
38871116 -0.25
38892417 -0.25
38902705 -5.20417e-17
38923996 -5.20417e-17
38964919 -0.25
39047264 0.25
39048706 -5.20417e-17
39067900 -5.20417e-17
39137680 -5.20417e-17
39220151 -0.184211
39239605 -0.136364
39283828 -0.25
39306136 -0.25
39339528 -0.25
39350619 -0.25
39356105 -0.136364
39358464 -0.136364
39362945 -0.136364
39389918 -0.136364
39394568 -5.20417e-17
39395746 -5.20417e-17
39401042 -0.136364
39407518 0.276765
39418052 -5.20417e-17
39420716 -5.20417e-17
39443085 -5.20417e-17
39582600 -0.25
39686087 -5.20417e-17
39694114 -0.25
39696646 -5.20417e-17
39701905 -0.136364
39721179 -0.25
39724008 -5.20417e-17
39726799 -5.20417e-17
39729767 -0.25
39736337 0.25
39806856 -0.25
39815242 -0.25
39823876 -0.25
39839232 -0.25
39850454 -0.25
39874608 0.107143
39879569 0.107143
39893615 -0.25
39896005 -0.25
39897491 -0.25
39903495 -0.136364
39932586 -0.136364
39933882 -0.136364
39945419 -0.25
39947109 -0.25
39949427 -0.25
39973779 -0.25
39975609 -0.25
40006600 -0.25
40023138 -0.136364
40043840 -0.25
40065517 -0.25
40123080 0.151786
40148459 -0.25
40158889 -0.153846
40179939 -0.153846
40184250 -0.25
40187585 -0.25
40206880 -0.136364
40234621 -0.136364
40241277 -0.136364
40251501 -5.20417e-17
40258196 -0.136364
40260534 -0.136364
40265892 -5.20417e-17
40266904 -0.25
40268761 -0.25
40276248 -0.136364
40277026 -0.25
40282629 -0.136364
40285959 -5.20417e-17
40299039 -0.25
40306430 -0.25
40312644 -0.25
40313930 -0.25
40317551 -0.105769
40322319 -0.25
40340237 -0.25
40349116 0.107143
40357266 -0.25
40376477 -0.25
40384437 -0.25
40402692 -0.25
40412974 -0.25
40415390 -0.25
40416324 -0.25
40418279 -0.25
40472197 -5.20417e-17
40483267 -5.20417e-17
40491471 -5.20417e-17
40496624 -5.20417e-17
40506220 -5.20417e-17
40508208 -0.136364
40509128 -5.20417e-17
40521677 -5.20417e-17
40523541 -5.20417e-17
40529107 -5.20417e-17
40608710 -0.25
40610168 -0.136364
40720894 -0.136364
40735483 -0.136364
40769487 0.107143
40774975 -0.136364
40806767 0.107143
40818254 0.452055
40840434 0.107143
40881916 0.107143
40958591 -0.136364
40964518 -0.136364
40970954 0.107143
40976428 -0.153846
40976849 0.107143
41029742 -5.20417e-17
41087844 -0.153846
41097604 -0.153846
41130494 -0.153846
41136191 -0.153846
41145205 -0.25
41157632 -5.20417e-17
41182507 -0.136364
41183456 -0.136364
41185681 -0.136364
41193209 -0.25
41212551 -0.153846
41269752 -0.25
41314026 -5.20417e-17
41318948 -5.20417e-17
41330799 -5.20417e-17
41333827 -5.20417e-17
41334716 -5.20417e-17
41339368 -5.20417e-17
41346640 -5.20417e-17
41348853 -5.20417e-17
41354254 -5.20417e-17
41363936 -5.20417e-17
41371493 -5.20417e-17
41373558 -5.20417e-17
41388917 -5.20417e-17
41392225 -5.20417e-17
41393378 -5.20417e-17
41408313 -5.20417e-17
41413084 -5.20417e-17
41443628 -5.20417e-17
41447051 -5.20417e-17
41449318 -0.153846
41455306 -5.20417e-17
41475422 -0.136364
41480450 -0.136364
41482855 -5.20417e-17
41484307 -0.0526316
41485753 0.25
41492786 -0.136364
41499208 -5.20417e-17
41502417 -5.20417e-17
41505316 -5.20417e-17
41529569 -0.2
41533817 0.25
41536914 -0.25
41554045 -5.20417e-17
41565791 -0.0185185
41583804 -5.20417e-17
41586613 -0.136364
41600823 -5.20417e-17
41604970 -0.136364
41608139 -5.20417e-17
41610434 -5.20417e-17
41612138 -5.20417e-17
41625776 -5.20417e-17
41634232 -5.20417e-17
41636307 -5.20417e-17
41637222 -0.136364
41640065 -5.20417e-17
41657753 -5.20417e-17
41663752 -5.20417e-17
41668671 -0.136364
41680943 -0.136364
41717894 -0.136364
41745478 -0.136364
41755066 -0.25
41761422 -0.25
41775153 -0.25
41779416 -0.25
41892857 -0.25
41896584 -0.25
41901996 -0.25
41903227 -0.25
41904174 -0.25
41911297 -0.25
41920508 -0.25
41922627 -0.25
41927110 -0.25
41954927 -0.184211
41964823 -0.25
41973365 -5.20417e-17
41976187 -0.136364
41997424 -0.25
41999245 -0.184211
42000968 -0.136364
42017857 -0.25
42019336 -0.25
42020718 -0.25
42022650 -0.25
42036959 -0.25
42040117 -0.25
42040952 -0.25
42043364 -0.25
42044292 -0.25
42047040 -0.25
42054053 -0.25
42062831 -0.25
42065704 -0.25
42066521 -0.25
42073884 -0.25
42081715 -0.25
42093332 -0.25
42095173 -0.25
42099137 -0.25
42114564 -5.20417e-17
42117313 -0.136364
42119691 -5.20417e-17
42122723 -0.25
42124891 -0.136364
42130753 -0.25
42139041 -0.264368
42139864 -0.153846
42142632 -0.153846
42144996 -0.153846
42146231 -0.136364
42151050 -0.264368
42161115 -5.20417e-17
42168653 0.0625
42170152 -0.280992
42174453 -0.25
42175195 -5.20417e-17
42176844 -5.20417e-17
42179082 0.166667
42180367 -5.20417e-17
42181632 -5.20417e-17
42182709 -5.20417e-17
42184271 -5.20417e-17
42187211 -5.20417e-17
42188663 -0.25
42197326 -5.20417e-17
42198884 -5.20417e-17
42205101 -0.25
42208252 -5.20417e-17
42218965 -0.25
42225677 -0.25
42227831 -0.153846
42232830 -0.25
42234459 -0.153846
42236854 -0.153846
42238044 -0.153846
42246042 -0.153846
42252063 -0.25
42263450 -0.25
42264913 -0.25
42283105 0.107143
42303727 -5.20417e-17
42306245 -5.20417e-17
42351586 -0.25
42365399 -5.20417e-17
42366861 -5.20417e-17
42370093 0.107143
42400964 -0.25
42402122 -0.25
42404009 -0.136364
42429121 -5.20417e-17
42442810 -0.25
42445392 -0.25
42448589 -0.25
42458021 -0.25
42459249 -0.25
42463515 -0.25
42466237 -0.25
42474298 -0.25
42484411 -0.25
42499026 -0.25
42499823 -0.25
42527211 -0.25
42533242 -0.184211
42547144 -0.25
42575687 -0.25
42583680 -0.25
42591078 -0.25
42604035 -0.25
42604838 -0.25
42606269 -0.25
42611042 -0.25
42841958 0.25
42867618 -0.25
42870333 -0.25
42871701 -0.25
42884416 -0.25
42889746 -0.25
42914266 -0.25
42920831 -0.25
42922011 -0.25
42959273 -0.25
42968784 -0.25
43003730 -0.25
43031363 -0.25
43072567 -0.25
43082883 -0.25
43084231 -0.25
43087308 -0.25
43088591 -0.25
43091468 -0.25
43113781 -0.25
43189339 -0.25
43211869 -5.20417e-17
43212679 -0.136364
43222728 -0.25
43246966 -0.25
43251346 -0.25
43254757 -0.25
43258559 -0.25
43260142 -0.25
43282944 -0.136364
43285244 -0.25
43296712 -0.226415
43298758 -0.136364
43300353 -0.136364
43303153 -0.350482
43311667 -0.136364
43315338 -0.136364
43339668 -0.136364
43350668 -5.20417e-17
43355427 -0.136364
43356296 -0.136364
43357720 -0.136364
43361773 -0.136364
43364668 -0.136364
43368703 -0.195652
43369757 -0.136364
43374488 -0.25
43375648 -0.136364
43385911 -0.25
43389829 -0.25
43395460 -0.136364
43397729 -0.25
43401680 -0.136364
43411512 -0.136364
43415253 -0.25
43417690 -0.136364
43423159 -0.136364
43425314 -0.25
43428196 -0.136364
43430856 -0.25
43434225 -0.25
43439786 -0.136364
43458336 -0.25
43475491 -0.153846
43484642 -0.25
43487016 -0.25
43493148 -0.25
43502118 -0.153846
43517260 0.151786
43529862 -0.25
43531143 -0.25
43541178 -0.25
43605929 -0.25
43614074 0.047619
43616241 -0.25
43617127 -0.25
43624544 -0.136364
43630283 -0.136364
43636477 -0.25
43638724 -0.25
43645227 -0.25
43649858 -0.25
43681624 -0.25
43683023 -0.25
43684550 -0.25
43689626 -5.20417e-17
43691232 -0.153846
43692700 -0.25
43699690 -0.25
43734868 -0.25
43744281 -0.25
43759586 -0.00515464
43764749 -0.153846
43772778 -0.153846
43775531 -0.25
43784512 -0.25
43793445 -0.25
43818290 -0.136364
43820753 -0.25
43841547 -0.25
43862365 -5.20417e-17
43866575 -0.25
43867396 -0.25
43869599 -0.136364
43898418 0.107143
43912746 -0.25
43918921 -0.25
43933988 -0.25
43968962 -0.25
43998307 -0.25
44006718 -0.136364
44010148 -0.25
44031081 -5.20417e-17
44036900 -5.20417e-17
44038353 -0.25
44084104 -0.25
44104810 -0.25
44156490 -0.25
44181911 -0.25
44197778 -0.136364
44252687 -0.25
44257830 -0.25
44260997 -0.25
44264423 -0.25
44266731 -0.25
44375806 -0.25
44376753 -0.25
44881561 -0.25
44883254 -0.25
44884482 -0.25
44890654 -0.25
44910487 -0.25
44917636 -5.20417e-17
44929700 -0.25
44973304 -5.20417e-17
44987183 -5.20417e-17
45013642 -0.25
45015088 -0.25
45016688 -0.25
45017460 -0.25
45057299 -0.25
45059031 -0.25
45078638 -0.136364
45085291 -0.25
45151806 -0.25
45170327 0.107143
45204076 -0.136364
45235036 -5.20417e-17
45242813 -0.25
45244316 -0.136364
45302347 -0.25
45305739 0.107143
45311032 -5.20417e-17
45312051 -0.136364
45335932 -0.136364
45356413 -5.20417e-17
45369206 -5.20417e-17
45378105 -5.20417e-17
45410647 -0.153846
45413785 -0.25
45416118 -0.25
45419209 -5.20417e-17
45424433 -0.226415
45426770 -5.20417e-17
45428928 -0.0526316
45434345 -5.20417e-17
45437752 -0.136364
45438640 -0.136364
45479123 -0.25
45489094 -0.136364
45566510 -0.25
45567285 -0.25
45588895 -0.25
45598557 -5.20417e-17
45603386 0.25
45605923 -5.20417e-17
45648182 -0.25
45672663 -0.25
45694733 -0.0526316
45701046 -0.25
45722700 -0.153846
45739541 -0.25
45755177 -1.12757e-16
45766109 -5.20417e-17
45774192 -5.20417e-17
45781506 -0.25
45783045 -5.20417e-17
45811792 -0.25
45815773 -0.136364
45849012 -0.25
45855849 -0.25
45885099 -0.25
45913326 -5.20417e-17
45941083 -0.25
45956038 -0.25
45960027 -5.20417e-17
45964025 -5.20417e-17
46029075 0.107143
46035289 0.411765
46045292 -5.20417e-17
46082968 -5.20417e-17
46088997 -5.20417e-17
46125401 0.25
46130387 0.25
46147985 -5.20417e-17
46170605 0.5
46179362 0.5
46290891 -0.136364
46302747 -5.20417e-17
46308505 0.107143
46316099 0.314159
46319233 0.107143
46321444 -5.20417e-17
46364568 -5.20417e-17
46366474 -5.20417e-17
46369411 -5.20417e-17
46376701 -5.20417e-17
46383817 -5.20417e-17
46402313 -5.20417e-17
46405114 0.25
46406263 0.25
46415635 0.25
46424782 -5.20417e-17
46431739 -5.20417e-17
46442681 -5.20417e-17
46464389 -0.136364
46490685 -0.153846
46575741 -0.00515464
46584240 -0.136364
46593076 0.25
46603154 -0.136364
46624142 -0.136364
46629298 0.25
46636559 -0.136364
46643207 -0.136364
46678422 -0.153846
46681840 -0.136364
46713153 -0.136364
46743018 -0.136364
46796078 -0.184211
46800613 -0.136364
46803489 -0.136364
46808396 0.107143
46818620 0.25
46836658 0.25
46837632 0.25
46838876 0.25
46854775 -0.153846
46861922 -0.153846
46863839 0.25
46866193 0.25
46874570 -0.153846
46880655 -0.136364
46891280 -0.153846
46896551 0.25
46903608 -0.153846
46904828 -0.153846
46905875 -0.153846
46913025 -0.153846
46916467 -0.153846
46930574 -0.153846
46935236 -5.20417e-17
46944595 0.25
46952453 -0.25
46996147 -0.136364
47001547 -0.132075
47006196 -0.184211
47007331 -0.136364
47020703 -0.153846
47022602 -0.136364
47025377 0.194631
47026346 -0.153846
47030739 -0.136364
47032613 -0.0909091
47061715 -0.136364
47064712 -0.153846
47079696 0.107143
47083825 0.107143
47088796 -0.136364
47097313 0.107143
47112910 0.452055
47116193 0.107143
47130592 -0.25
47163862 0.107143
47195247 -0.25
47225154 0.107143
47255427 -0.25
47257406 -0.25
47259302 0.107143
47332269 0.107143
47333732 0.107143
47337933 0.107143
47347567 0.107143
47388342 0.107143
47466734 -0.153846
47500527 -0.153846
47548832 -5.20417e-17
47598386 -0.00515464
47670973 -0.153846
47689548 -5.20417e-17
47702171 -0.25
47723387 -0.264368
47798573 -5.20417e-17
47851315 -0.184211
47932059 -5.20417e-17
47939124 -0.153846
47940588 -0.25
47956449 -0.25
47990688 -0.25
47999284 -0.25
48026614 -0.25
48045399 -0.25
48052988 -0.25
48055288 -5.20417e-17
48085904 -0.25
48102842 -5.20417e-17
48155313 -0.25
48159713 -0.25
48162901 -0.25
48176900 -0.25
48200877 -0.25
48251590 -0.25
48294234 -0.226415
48300022 -0.25
48320814 -0.136364
48321728 -0.25
48326481 -0.25
48331293 -0.25
48333880 -0.25
48337763 -0.25
48339816 -0.25
48391651 -0.136364
48411573 -0.136364
48421715 -0.184211
48445356 -0.25
48456448 -0.136364
48461825 -0.136364
48520011 -0.25
48555746 -0.136364
48612289 -0.25
48615436 -0.184211
48618325 -0.136364
48633197 -0.136364
48640360 -0.25
48665322 -0.25
48668504 -0.136364
48680356 -0.25
48714806 -0.25
48729435 -0.25
48746815 -0.136364
48750636 -0.25
48754942 0.107143
48764178 0.107143
48769366 0.107143
48785301 0.107143
48792461 -0.136364
48815552 -0.136364
48858116 -0.136364
48902738 -0.25
48908965 -0.25
48910023 -0.25
48910738 -0.25
48913587 -0.25
48936946 -0.25
48941346 -0.136364
48949308 -0.25
48950237 -0.25
48977375 -0.226415
48988906 -0.136364
48997955 -0.25
49010249 -0.25
49031629 0.25
49035197 -0.153846
49054775 -0.153846
49057956 -5.20417e-17
49065286 -0.25
49071874 -0.25
49104726 -0.153846
49117689 -0.25
49133203 -5.20417e-17
49143412 -0.25
49159729 -0.153846
49163486 -0.25
49211221 -0.153846
49213040 -0.25
49217180 -0.25
49241692 -0.153846
49250220 -0.25
49283401 -0.153846
49311164 -0.25
49333288 -0.25
49338539 0.107143
49388767 -0.136364
49401516 -0.136364
49406169 -0.136364
49411500 -0.136364
49421689 -0.136364
49423155 -0.136364
49433351 -0.136364
49446584 -0.136364
49475350 0.107143
49482969 0.107143
49490466 0.107143
49522637 0.107143
49527027 0.107143
49558866 0.107143
49559911 0.107143
49622081 0.107143
49635975 0.107143
49641965 0.107143
49652843 0.107143
49714992 0.107143
49753952 0.107143
49775019 -0.153846
49803336 -0.25
49889131 0.107143
49890326 0.107143
49901270 0.107143
49936075 0.107143
49975855 -0.25
50007447 0.107143
50008825 0.107143
50009851 -0.264368
50011564 -0.25
50019515 0.107143
50076376 0.107143
50149215 -0.25
